,3M-1M,6M-1M,1Y-1M,2Y-1M,3Y-1M,5Y-1M,7Y-1M,10Y-1M,20Y-1M,30Y-1M,6M-3M,1Y-3M,2Y-3M,3Y-3M,5Y-3M,7Y-3M,10Y-3M,20Y-3M,30Y-3M,1Y-6M,2Y-6M,3Y-6M,5Y-6M,7Y-6M,10Y-6M,20Y-6M,30Y-6M,2Y-1Y,3Y-1Y,5Y-1Y,7Y-1Y,10Y-1Y,20Y-1Y,30Y-1Y,3Y-2Y,5Y-2Y,7Y-2Y,10Y-2Y,20Y-2Y,30Y-2Y,5Y-3Y,7Y-3Y,10Y-3Y,20Y-3Y,30Y-3Y,7Y-5Y,10Y-5Y,20Y-5Y,30Y-5Y,10Y-7Y,20Y-7Y,30Y-7Y,20Y-10Y,30Y-10Y,30Y-20Y
3M-1M,1.000000,0.961887,0.937830,0.900500,0.873497,0.854762,0.847654,0.847259,0.800777,0.753394,0.314344,0.747977,0.840170,0.832603,0.829111,0.822844,0.820089,0.761669,0.699739,0.764689,0.846625,0.837096,0.832129,0.825427,0.822188,0.761385,0.696669,0.845826,0.833710,0.828660,0.820243,0.816017,0.746063,0.669294,0.793412,0.806844,0.791632,0.779524,0.660119,0.509290,0.798970,0.764648,0.710718,0.442751,0.153278,0.449831,-0.090647,-0.409588,-0.535254,-0.427479,-0.527755,-0.601239,-0.555799,-0.644461,-0.733414
6M-1M,0.961887,1.000000,0.958290,0.918352,0.899737,0.888572,0.880994,0.873759,0.817417,0.760850,0.561947,0.826942,0.873215,0.868600,0.869024,0.861796,0.852169,0.783657,0.712365,0.756794,0.856954,0.860494,0.865038,0.857865,0.847039,0.774998,0.699614,0.861313,0.861398,0.864465,0.855257,0.843169,0.761363,0.673274,0.831904,0.849158,0.831916,0.809934,0.674415,0.507459,0.842645,0.804442,0.734420,0.439994,0.128577,0.465903,-0.131641,-0.461800,-0.591084,-0.485580,-0.582403,-0.657148,-0.603944,-0.696711,-0.788271
1Y-1M,0.937830,0.958290,1.000000,0.972030,0.955642,0.939922,0.925387,0.920036,0.868156,0.813119,0.489918,0.931850,0.946963,0.936080,0.926542,0.911392,0.904252,0.841065,0.772009,0.912041,0.940996,0.933669,0.925651,0.910211,0.902113,0.835742,0.762929,0.921471,0.921032,0.916908,0.899455,0.889485,0.812318,0.725232,0.888985,0.897875,0.869982,0.849886,0.718525,0.549554,0.885663,0.832324,0.762085,0.467225,0.146211,0.433651,-0.161740,-0.480101,-0.612367,-0.496445,-0.589966,-0.669997,-0.608686,-0.709760,-0.812842
2Y-1M,0.900500,0.918352,0.972030,1.000000,0.989783,0.973242,0.957311,0.953051,0.918304,0.870422,0.464191,0.917389,0.992406,0.980940,0.965854,0.948761,0.943278,0.899222,0.838697,0.905377,0.990960,0.981104,0.966355,0.948838,0.942503,0.895621,0.831540,0.986927,0.975766,0.960947,0.940948,0.933120,0.877064,0.799625,0.931510,0.933500,0.902890,0.884422,0.779057,0.619433,0.916674,0.859631,0.789638,0.525340,0.205989,0.441028,-0.165338,-0.450723,-0.589905,-0.505850,-0.564242,-0.650557,-0.561033,-0.679201,-0.809863
3Y-1M,0.873497,0.899737,0.955642,0.989783,1.000000,0.990642,0.976731,0.963332,0.917516,0.860007,0.481251,0.914279,0.987302,0.996917,0.987071,0.971859,0.956854,0.901194,0.830590,0.894607,0.983964,0.996563,0.987373,0.971774,0.955746,0.897023,0.822645,0.981274,0.994893,0.984270,0.966085,0.948116,0.879545,0.791183,0.973852,0.966632,0.937091,0.906237,0.784708,0.610679,0.943926,0.888880,0.798781,0.508533,0.170657,0.469838,-0.204346,-0.499990,-0.640742,-0.570892,-0.619982,-0.704592,-0.606210,-0.725979,-0.855880
5Y-1M,0.854762,0.888572,0.939922,0.973242,0.990642,1.000000,0.995855,0.982681,0.931571,0.869906,0.499165,0.903805,0.971972,0.989289,0.998868,0.993937,0.979435,0.918359,0.843570,0.874675,0.966208,0.987758,0.998800,0.993650,0.978097,0.913801,0.835087,0.964703,0.987905,0.998070,0.990769,0.973565,0.899329,0.806610,0.976336,0.990916,0.974146,0.945725,0.818137,0.639177,0.980155,0.940940,0.854905,0.552794,0.203715,0.564128,-0.151609,-0.491810,-0.644042,-0.579122,-0.641040,-0.728483,-0.634388,-0.755252,-0.884815
7Y-1M,0.847654,0.880994,0.925387,0.957311,0.976731,0.995855,1.000000,0.990560,0.940536,0.879803,0.494356,0.883442,0.954115,0.974609,0.995055,0.998981,0.988581,0.928801,0.855166,0.852307,0.948031,0.972958,0.995076,0.998902,0.987525,0.924559,0.847031,0.948328,0.974490,0.995868,0.997982,0.985421,0.912887,0.821754,0.966235,0.993772,0.988605,0.967178,0.843093,0.667204,0.990332,0.966453,0.891507,0.592763,0.243552,0.636887,-0.087229,-0.459054,-0.620430,-0.558606,-0.632101,-0.722384,-0.634001,-0.755486,-0.885960
10Y-1M,0.847259,0.873759,0.920036,0.953051,0.963332,0.982681,0.990560,1.000000,0.973666,0.929777,0.470436,0.873623,0.948915,0.959428,0.980900,0.988903,0.998788,0.964683,0.909505,0.850450,0.944936,0.958690,0.981440,0.989365,0.998623,0.961786,0.903055,0.944955,0.958605,0.981440,0.987994,0.997412,0.952932,0.882128,0.938840,0.975706,0.976784,0.984217,0.898438,0.750166,0.977925,0.962334,0.930914,0.684295,0.360013,0.662860,0.034181,-0.343837,-0.516659,-0.439632,-0.530305,-0.630784,-0.551627,-0.679835,-0.825443
20Y-1M,0.800777,0.817417,0.868156,0.918304,0.917516,0.931571,0.940536,0.973666,1.000000,0.988574,0.415439,0.823006,0.918729,0.914795,0.930104,0.939277,0.974726,0.998035,0.978904,0.812642,0.918786,0.915901,0.931558,0.940612,0.975921,0.997537,0.975578,0.923087,0.915798,0.931128,0.939008,0.976220,0.994663,0.963944,0.877332,0.916284,0.920488,0.963938,0.963607,0.870631,0.920835,0.910343,0.934234,0.809023,0.541812,0.641966,0.169365,-0.141604,-0.323587,-0.271209,-0.331290,-0.445089,-0.346946,-0.496021,-0.685165
30Y-1M,0.753394,0.760850,0.813119,0.870422,0.860007,0.869906,0.879803,0.929777,0.988574,1.000000,0.362393,0.767296,0.872416,0.857004,0.868021,0.878258,0.931834,0.990631,0.996946,0.767935,0.875605,0.859506,0.870157,0.880249,0.934057,0.991889,0.995974,0.881658,0.858610,0.869050,0.878202,0.935134,0.992677,0.990477,0.806926,0.848080,0.855105,0.924279,0.977845,0.925653,0.855196,0.849479,0.914106,0.869279,0.649562,0.613319,0.267830,-0.001065,-0.182950,-0.138842,-0.188665,-0.306864,-0.208193,-0.362125,-0.567541
6M-3M,0.314344,0.561947,0.489918,0.464191,0.481251,0.499165,0.494356,0.470436,0.415439,0.362393,1.000000,0.608229,0.489988,0.496857,0.508892,0.502759,0.477671,0.416540,0.356379,0.314146,0.414009,0.455123,0.485924,0.481297,0.453510,0.387340,0.321395,0.431559,0.468508,0.494428,0.487923,0.458742,0.386351,0.312761,0.488016,0.507281,0.493441,0.453753,0.344480,0.221120,0.508491,0.479690,0.399732,0.188187,-0.017290,0.256719,-0.182805,-0.364208,-0.432898,-0.392642,-0.425446,-0.462646,-0.415396,-0.469246,-0.518030
1Y-3M,0.747977,0.826942,0.931850,0.917389,0.914279,0.903805,0.883442,0.873623,0.823006,0.767296,0.608229,1.000000,0.932523,0.919623,0.905033,0.882616,0.871842,0.812084,0.744774,0.944649,0.914365,0.910315,0.900175,0.877657,0.865558,0.802202,0.730618,0.877864,0.889690,0.887082,0.862508,0.847861,0.773428,0.687151,0.870534,0.873492,0.836057,0.810286,0.683917,0.518478,0.858372,0.792255,0.714318,0.430603,0.119357,0.359000,-0.214525,-0.489892,-0.611449,-0.502443,-0.576452,-0.652672,-0.582933,-0.683523,-0.787652
2Y-3M,0.840170,0.873215,0.946963,0.992406,0.987302,0.971972,0.954115,0.948915,0.918729,0.872416,0.489988,0.932523,1.000000,0.987842,0.970014,0.950471,0.944411,0.905993,0.848030,0.912816,0.996371,0.986774,0.969786,0.949836,0.942852,0.901583,0.839972,0.991568,0.981075,0.964023,0.941463,0.932895,0.882775,0.807913,0.937281,0.935964,0.902093,0.882485,0.784858,0.628451,0.917207,0.855775,0.783740,0.529926,0.213538,0.422775,-0.180557,-0.446250,-0.584281,-0.509940,-0.554397,-0.641256,-0.542462,-0.664753,-0.802543
3Y-3M,0.832603,0.868600,0.936080,0.980940,0.996917,0.989289,0.974609,0.959428,0.914795,0.857004,0.496857,0.919623,0.987842,1.000000,0.989362,0.973065,0.956438,0.902529,0.832184,0.894548,0.983004,0.998874,0.989218,0.972551,0.954839,0.897829,0.823639,0.980072,0.997519,0.986248,0.966915,0.947152,0.880414,0.792258,0.980076,0.969697,0.938540,0.905388,0.786370,0.612686,0.945133,0.888039,0.794225,0.507199,0.169452,0.462034,-0.217876,-0.502824,-0.642704,-0.580607,-0.620294,-0.704711,-0.600105,-0.722077,-0.855529
5Y-3M,0.829111,0.869024,0.926542,0.965854,0.987071,0.998868,0.995055,0.980900,0.930104,0.868021,0.508892,0.905033,0.970014,0.989362,1.000000,0.995262,0.979893,0.919456,0.844568,0.872123,0.963213,0.987300,0.999649,0.994717,0.978259,0.914572,0.835711,0.961665,0.987768,0.999181,0.992087,0.973944,0.900387,0.807545,0.978999,0.993474,0.976803,0.947297,0.820803,0.641849,0.982603,0.943507,0.855772,0.554894,0.205395,0.566455,-0.155006,-0.492243,-0.644710,-0.584655,-0.642164,-0.729623,-0.632429,-0.754498,-0.885912
7Y-3M,0.822844,0.861796,0.911392,0.948761,0.971859,0.993937,0.998981,0.988903,0.939277,0.878258,0.502759,0.882616,0.950471,0.973065,0.995262,1.000000,0.989096,0.930035,0.856434,0.847846,0.943404,0.970915,0.995028,0.999696,0.987785,0.925516,0.847982,0.943791,0.972844,0.996172,0.999152,0.986057,0.914317,0.823236,0.967429,0.995782,0.991542,0.969621,0.846873,0.671310,0.992768,0.970110,0.894424,0.597238,0.247827,0.643897,-0.085719,-0.456845,-0.619002,-0.561952,-0.632142,-0.722591,-0.631791,-0.754369,-0.886552
10Y-3M,0.820089,0.852169,0.904252,0.943278,0.956854,0.979435,0.988581,0.998788,0.974726,0.931834,0.477671,0.871842,0.944411,0.956438,0.979893,0.989096,1.000000,0.968672,0.914968,0.845330,0.939527,0.955227,0.980195,0.989354,0.999627,0.965578,0.908303,0.939621,0.955449,0.980517,0.988357,0.998895,0.957458,0.888295,0.937890,0.976361,0.978932,0.988061,0.906716,0.760959,0.979481,0.965865,0.937014,0.696162,0.373637,0.672414,0.045222,-0.332462,-0.506998,-0.434003,-0.522394,-0.623830,-0.542765,-0.672667,-0.821287
20Y-3M,0.761669,0.783657,0.841065,0.899222,0.901194,0.918359,0.928801,0.964683,0.998035,0.990631,0.416540,0.812084,0.905993,0.902529,0.919456,0.930035,0.968672,1.000000,0.985784,0.799123,0.905379,0.903256,0.920713,0.931208,0.969746,0.999491,0.982507,0.910115,0.903498,0.920610,0.930016,0.970715,0.997986,0.972785,0.866101,0.906835,0.912974,0.961246,0.973380,0.888578,0.912582,0.904823,0.936310,0.828890,0.570103,0.647426,0.192706,-0.110337,-0.294062,-0.248674,-0.303179,-0.418600,-0.317182,-0.469178,-0.664490
30Y-3M,0.699739,0.712365,0.772009,0.838697,0.830590,0.843570,0.855166,0.909505,0.978904,0.996946,0.356379,0.744774,0.848030,0.832184,0.844568,0.856434,0.914968,0.985784,1.000000,0.743483,0.850727,0.834369,0.846530,0.858290,0.917133,0.987185,0.999309,0.857399,0.833798,0.845740,0.856683,0.919036,0.989861,0.996588,0.782432,0.825548,0.834987,0.911577,0.983954,0.945165,0.834215,0.832080,0.908697,0.891821,0.687495,0.612900,0.301743,0.047488,-0.135191,-0.100071,-0.142290,-0.261977,-0.160175,-0.316881,-0.529484
1Y-6M,0.764689,0.756794,0.912041,0.905377,0.894607,0.874675,0.852307,0.850450,0.812642,0.767935,0.314146,0.944649,0.912816,0.894548,0.872123,0.847846,0.845330,0.799123,0.743483,1.000000,0.922502,0.900665,0.875806,0.850786,0.847800,0.799374,0.741012,0.871591,0.870464,0.856631,0.829928,0.824471,0.765367,0.692593,0.839490,0.835065,0.796011,0.781592,0.675614,0.528729,0.816480,0.749306,0.689138,0.437239,0.149902,0.323273,-0.181024,-0.435397,-0.552394,-0.438656,-0.513615,-0.589402,-0.525521,-0.623574,-0.727954
2Y-6M,0.846625,0.856954,0.940996,0.990960,0.983964,0.966208,0.948031,0.944936,0.918786,0.875605,0.414009,0.914365,0.996371,0.983004,0.963213,0.943404,0.939527,0.905379,0.850727,0.922502,1.000000,0.985965,0.965218,0.944837,0.940257,0.903625,0.845729,0.993271,0.978707,0.958370,0.935447,0.929350,0.884082,0.813096,0.931072,0.927815,0.893797,0.877198,0.785924,0.634647,0.908111,0.846775,0.779362,0.534981,0.224668,0.416401,-0.170690,-0.430419,-0.567845,-0.494147,-0.537367,-0.624435,-0.525887,-0.648326,-0.787445
3Y-6M,0.837096,0.860494,0.933669,0.981104,0.996563,0.987758,0.972958,0.958690,0.915901,0.859506,0.455123,0.910315,0.986774,0.998874,0.987300,0.970915,0.955227,0.903256,0.834369,0.900665,0.985965,1.000000,0.988409,0.971561,0.954907,0.900030,0.827514,0.981997,0.997878,0.984896,0.965416,0.946734,0.882215,0.795787,0.978914,0.967212,0.936001,0.904155,0.788012,0.616550,0.941942,0.884936,0.793051,0.510116,0.174809,0.460030,-0.213555,-0.496005,-0.635772,-0.574258,-0.613185,-0.697767,-0.593020,-0.715224,-0.849483
5Y-6M,0.832129,0.865038,0.925651,0.966355,0.987373,0.998800,0.995076,0.981440,0.931558,0.870157,0.485924,0.900175,0.969786,0.989218,0.999649,0.995028,0.980195,0.920713,0.846530,0.875806,0.965218,0.988409,1.000000,0.995134,0.979279,0.916653,0.838614,0.963107,0.988473,0.999263,0.992261,0.974737,0.902281,0.810282,0.978970,0.993074,0.976573,0.947836,0.822767,0.644869,0.981999,0.943190,0.856572,0.557597,0.209069,0.567226,-0.151756,-0.488573,-0.641261,-0.581524,-0.638905,-0.726558,-0.629330,-0.751611,-0.883535
7Y-6M,0.825427,0.857865,0.910211,0.948838,0.971774,0.993650,0.998902,0.989365,0.940612,0.880249,0.481297,0.877657,0.949836,0.972551,0.994717,0.999696,0.989354,0.931208,0.858290,0.850786,0.944837,0.971561,0.995134,1.000000,0.988715,0.927459,0.850716,0.944729,0.973136,0.996052,0.999259,0.986812,0.916130,0.825870,0.967089,0.995290,0.991385,0.970289,0.848934,0.674425,0.992199,0.970045,0.895577,0.600253,0.251798,0.645612,-0.081709,-0.452870,-0.615344,-0.558641,-0.628880,-0.719538,-0.628811,-0.751574,-0.884221
10Y-6M,0.822188,0.847039,0.902113,0.942503,0.955746,0.978097,0.987525,0.998623,0.975921,0.934057,0.453510,0.865558,0.942852,0.954839,0.978259,0.987785,0.999627,0.969746,0.917133,0.847800,0.940257,0.954907,0.979279,0.988715,1.000000,0.967514,0.911459,0.939808,0.954716,0.979342,0.987497,0.999095,0.959307,0.891430,0.936297,0.974726,0.977765,0.988259,0.909132,0.765099,0.977854,0.964936,0.938152,0.700388,0.379581,0.674166,0.051557,-0.325955,-0.500883,-0.428082,-0.516733,-0.618481,-0.537711,-0.667820,-0.817075
20Y-6M,0.761385,0.774998,0.835742,0.895621,0.897023,0.913801,0.924559,0.961786,0.997537,0.991889,0.387340,0.802202,0.901583,0.897829,0.914572,0.925516,0.965578,0.999491,0.987185,0.799374,0.903625,0.900030,0.916653,0.927459,0.967514,1.000000,0.985089,0.907813,0.899806,0.916250,0.926017,0.968313,0.998507,0.975533,0.861198,0.901830,0.908541,0.958885,0.975024,0.893353,0.907615,0.900757,0.935493,0.833978,0.578749,0.647551,0.201835,-0.099118,-0.283025,-0.238409,-0.292532,-0.408276,-0.307085,-0.459335,-0.655690
30Y-6M,0.696669,0.699614,0.762929,0.831540,0.822645,0.835087,0.847031,0.903055,0.975578,0.995974,0.321395,0.730618,0.839972,0.823639,0.835711,0.847982,0.908303,0.982507,0.999309,0.741012,0.845729,0.827514,0.838614,0.850716,0.911459,0.985089,1.000000,0.851792,0.826403,0.837474,0.848824,0.913179,0.987840,0.997586,0.773568,0.816499,0.826616,0.905818,0.983519,0.949116,0.825234,0.824217,0.905048,0.896363,0.697457,0.610952,0.313087,0.062621,-0.119789,-0.085797,-0.127281,-0.247101,-0.145807,-0.302484,-0.516014
2Y-1Y,0.845826,0.861313,0.921471,0.986927,0.981274,0.964703,0.948328,0.944955,0.923087,0.881658,0.431559,0.877864,0.991568,0.980072,0.961665,0.943791,0.939621,0.910115,0.857399,0.871591,0.993271,0.981997,0.963107,0.944729,0.939808,0.907813,0.851792,1.000000,0.981841,0.960162,0.939061,0.932954,0.893195,0.824874,0.930635,0.927826,0.896339,0.879584,0.795459,0.647399,0.908377,0.850632,0.783066,0.548269,0.240364,0.431859,-0.162472,-0.416020,-0.555457,-0.495982,-0.528383,-0.616224,-0.510229,-0.636315,-0.781686
3Y-1Y,0.833710,0.861398,0.921032,0.975766,0.994893,0.987905,0.974490,0.958605,0.915798,0.858610,0.468508,0.889690,0.981075,0.997519,0.987768,0.972844,0.955449,0.903498,0.833798,0.870464,0.978707,0.997878,0.988473,0.973136,0.954716,0.899806,0.826403,0.981841,1.000000,0.987366,0.969299,0.948954,0.884721,0.797717,0.983158,0.970564,0.941059,0.907144,0.791453,0.619224,0.944722,0.890210,0.795135,0.512361,0.175569,0.472698,-0.214798,-0.496652,-0.637453,-0.584811,-0.617677,-0.702138,-0.593050,-0.716793,-0.853247
5Y-1Y,0.828660,0.864465,0.916908,0.960947,0.984270,0.998070,0.995868,0.981440,0.931128,0.869050,0.494428,0.887082,0.964023,0.986248,0.999181,0.996172,0.980517,0.920610,0.845740,0.856631,0.958370,0.984896,0.999263,0.996052,0.979342,0.916250,0.837474,0.960162,0.987366,1.000000,0.994639,0.976341,0.903593,0.811041,0.979671,0.995099,0.980567,0.950997,0.825737,0.647261,0.984740,0.948599,0.860796,0.561251,0.211556,0.580608,-0.147817,-0.487617,-0.641522,-0.586715,-0.642088,-0.729754,-0.630906,-0.753816,-0.886530
7Y-1Y,0.820243,0.855257,0.899455,0.940948,0.966085,0.990769,0.997982,0.987994,0.939008,0.878202,0.487923,0.862508,0.941463,0.966915,0.992087,0.999152,0.988357,0.930016,0.856683,0.829928,0.935447,0.965416,0.992261,0.999259,0.987497,0.926017,0.848824,0.939061,0.969299,0.994639,1.000000,0.987187,0.916481,0.825994,0.965149,0.995410,0.994126,0.972786,0.851721,0.677226,0.993490,0.974892,0.900245,0.605188,0.256323,0.661687,-0.073481,-0.448864,-0.612774,-0.560910,-0.629983,-0.720673,-0.629038,-0.752178,-0.885348
10Y-1Y,0.816017,0.843169,0.889485,0.933120,0.948116,0.973565,0.985421,0.997412,0.976220,0.935134,0.458742,0.847861,0.932895,0.947152,0.973944,0.986057,0.998895,0.970715,0.919036,0.824471,0.929350,0.946734,0.974737,0.986812,0.999095,0.968313,0.913179,0.932954,0.948954,0.976341,0.987187,1.000000,0.962284,0.895690,0.931784,0.973146,0.979522,0.991877,0.915942,0.774027,0.977975,0.969579,0.945824,0.712313,0.393028,0.693474,0.069539,-0.312900,-0.490181,-0.421620,-0.510206,-0.612702,-0.531637,-0.662611,-0.813508
20Y-1Y,0.746063,0.761363,0.812318,0.877064,0.879545,0.899329,0.912887,0.952932,0.994663,0.992677,0.386351,0.773428,0.882775,0.880414,0.900387,0.914317,0.957458,0.997986,0.989861,0.765367,0.884082,0.882215,0.902281,0.916130,0.959307,0.998507,0.987840,0.893195,0.884721,0.903593,0.916481,0.962284,1.000000,0.982005,0.846180,0.890107,0.900845,0.956083,0.983003,0.908871,0.897993,0.896753,0.939429,0.853587,0.606312,0.664251,0.232653,-0.066596,-0.252956,-0.215503,-0.266665,-0.383757,-0.281171,-0.435344,-0.636186
30Y-1Y,0.669294,0.673274,0.725232,0.799625,0.791183,0.806610,0.821754,0.882128,0.963944,0.990477,0.312761,0.687151,0.807913,0.792258,0.807545,0.823236,0.888295,0.972785,0.996588,0.692593,0.813096,0.795787,0.810282,0.825870,0.891430,0.975533,0.997586,0.824874,0.797717,0.811041,0.825994,0.895690,0.982005,1.000000,0.744164,0.790739,0.805646,0.892218,0.986645,0.964879,0.802045,0.807898,0.900952,0.917672,0.733719,0.622865,0.355045,0.112296,-0.071553,-0.046800,-0.083611,-0.204487,-0.102281,-0.260446,-0.479029
3Y-2Y,0.793412,0.831904,0.888985,0.931510,0.973852,0.976336,0.966235,0.938840,0.877332,0.806926,0.488016,0.870534,0.937281,0.980076,0.978999,0.967429,0.937890,0.866101,0.782432,0.839490,0.931072,0.978914,0.978970,0.967089,0.936297,0.861198,0.773568,0.930635,0.983158,0.979671,0.965149,0.931784,0.846180,0.744164,1.000000,0.978412,0.951828,0.902546,0.760418,0.570820,0.947298,0.897772,0.779459,0.460178,0.107119,0.495810,-0.257831,-0.557276,-0.694557,-0.650306,-0.682492,-0.760795,-0.652473,-0.769712,-0.892889
5Y-2Y,0.806844,0.849158,0.897875,0.933500,0.966632,0.990916,0.993772,0.975706,0.916284,0.848080,0.507281,0.873492,0.935964,0.969697,0.993474,0.995782,0.976361,0.906835,0.825548,0.835065,0.927815,0.967212,0.993074,0.995290,0.974726,0.901830,0.816499,0.927826,0.970564,0.995099,0.995410,0.973146,0.890107,0.790739,0.978412,1.000000,0.991743,0.958201,0.820764,0.634917,0.993053,0.965243,0.871948,0.555182,0.197343,0.622212,-0.139823,-0.503687,-0.659789,-0.607674,-0.670123,-0.756063,-0.661622,-0.781073,-0.906787
7Y-2Y,0.791632,0.831916,0.869982,0.902890,0.937091,0.974146,0.988605,0.976784,0.920488,0.855105,0.493441,0.836057,0.902093,0.938540,0.976803,0.991542,0.978932,0.912974,0.834987,0.796011,0.893797,0.936001,0.976573,0.991385,0.977765,0.908541,0.826616,0.896339,0.941059,0.980567,0.994126,0.979522,0.900845,0.805646,0.951828,0.991743,1.000000,0.977752,0.848091,0.669645,0.995390,0.989584,0.914578,0.607942,0.254924,0.717467,-0.043620,-0.447956,-0.615463,-0.567296,-0.646185,-0.735498,-0.650681,-0.769808,-0.895798
10Y-2Y,0.779524,0.809934,0.849886,0.884422,0.906237,0.945725,0.967178,0.984217,0.963938,0.924279,0.453753,0.810286,0.882485,0.905388,0.947297,0.969621,0.988061,0.961246,0.911577,0.781592,0.877198,0.904155,0.947836,0.970289,0.988259,0.958885,0.905818,0.879584,0.907144,0.950997,0.972786,0.991877,0.956083,0.892218,0.902546,0.958201,0.977752,1.000000,0.929375,0.794146,0.971454,0.980762,0.973244,0.747616,0.434467,0.763853,0.149307,-0.266509,-0.451522,-0.381931,-0.487552,-0.591965,-0.522288,-0.650822,-0.798871
20Y-2Y,0.660119,0.674415,0.718525,0.779057,0.784708,0.818137,0.843093,0.898438,0.963607,0.977845,0.344480,0.683917,0.784858,0.786370,0.820803,0.846873,0.906716,0.973380,0.983954,0.675614,0.785924,0.788012,0.822767,0.848934,0.909132,0.975024,0.983519,0.795459,0.791453,0.825737,0.851721,0.915942,0.983003,0.986645,0.760418,0.820764,0.848091,0.929375,1.000000,0.960543,0.839333,0.861237,0.946337,0.926512,0.718975,0.718876,0.379874,0.080101,-0.114122,-0.087930,-0.143651,-0.265590,-0.170612,-0.326909,-0.538227
30Y-2Y,0.509290,0.507459,0.549554,0.619433,0.610679,0.639177,0.667204,0.750166,0.870631,0.925653,0.221120,0.518478,0.628451,0.612686,0.641849,0.671310,0.760959,0.888578,0.945165,0.528729,0.634647,0.616550,0.644869,0.674425,0.765099,0.893353,0.949116,0.647399,0.619224,0.647261,0.677226,0.774027,0.908871,0.964879,0.570820,0.634917,0.669645,0.794146,0.960543,1.000000,0.659196,0.693922,0.850771,0.982420,0.877496,0.639059,0.554165,0.344714,0.161646,0.167379,0.132808,0.010664,0.099202,-0.055443,-0.282583
5Y-3Y,0.798970,0.842645,0.885663,0.916674,0.943926,0.980155,0.990332,0.977925,0.920835,0.855196,0.508491,0.858372,0.917207,0.945133,0.982603,0.992768,0.979481,0.912582,0.834215,0.816480,0.908111,0.941942,0.981999,0.992199,0.977854,0.907615,0.825234,0.908377,0.944722,0.984740,0.993490,0.977975,0.897993,0.802045,0.947298,0.993053,0.995390,0.971454,0.839333,0.659196,1.000000,0.985089,0.907833,0.598594,0.244916,0.682210,-0.069945,-0.463486,-0.627300,-0.571711,-0.650190,-0.738824,-0.654102,-0.772515,-0.897255
7Y-3Y,0.764648,0.804442,0.832324,0.859631,0.888880,0.940940,0.966453,0.962334,0.910343,0.849479,0.479690,0.792255,0.855775,0.888039,0.943507,0.970110,0.965865,0.904823,0.832080,0.749306,0.846775,0.884936,0.943190,0.970045,0.964936,0.900757,0.824217,0.850632,0.890210,0.948599,0.974892,0.969579,0.896753,0.807898,0.897772,0.965243,0.989584,0.980762,0.861237,0.693922,0.985089,1.000000,0.947803,0.657232,0.315893,0.797829,0.058386,-0.381837,-0.558001,-0.509587,-0.607795,-0.699327,-0.628347,-0.744426,-0.867574
10Y-3Y,0.710718,0.734420,0.762085,0.789638,0.798781,0.854905,0.891507,0.930914,0.934234,0.914106,0.399732,0.714318,0.783740,0.794225,0.855772,0.894424,0.937014,0.936310,0.908697,0.689138,0.779362,0.793051,0.856572,0.895577,0.938152,0.935493,0.905048,0.783066,0.795135,0.860796,0.900245,0.945824,0.939429,0.900952,0.779459,0.871948,0.914578,0.973244,0.946337,0.850771,0.907833,0.947803,1.000000,0.842118,0.574930,0.846727,0.354806,-0.090359,-0.286272,-0.208639,-0.345129,-0.455251,-0.411684,-0.536122,-0.685783
20Y-3Y,0.442751,0.439994,0.467225,0.525340,0.508533,0.552794,0.592763,0.684295,0.809023,0.869279,0.188187,0.430603,0.529926,0.507199,0.554894,0.597238,0.696162,0.828890,0.891821,0.437239,0.534981,0.510116,0.557597,0.600253,0.700388,0.833978,0.896363,0.548269,0.512361,0.561251,0.605188,0.712313,0.853587,0.917672,0.460178,0.555182,0.607942,0.747616,0.926512,0.982420,0.598594,0.657232,0.842118,1.000000,0.920834,0.695501,0.668699,0.432376,0.246395,0.256563,0.199036,0.077703,0.144786,-0.000959,-0.218481
30Y-3Y,0.153278,0.128577,0.146211,0.205989,0.170657,0.203715,0.243552,0.360013,0.541812,0.649562,-0.017290,0.119357,0.213538,0.169452,0.205395,0.247827,0.373637,0.570103,0.687495,0.149902,0.224668,0.174809,0.209069,0.251798,0.379581,0.578749,0.697457,0.240364,0.175569,0.211556,0.256323,0.393028,0.606312,0.733719,0.107119,0.197343,0.254924,0.434467,0.718975,0.877496,0.244916,0.315893,0.574930,0.920834,1.000000,0.484242,0.821640,0.742917,0.601423,0.582519,0.559456,0.457287,0.501229,0.382446,0.179348
7Y-5Y,0.449831,0.465903,0.433651,0.441028,0.469838,0.564128,0.636887,0.662860,0.641966,0.613319,0.256719,0.359000,0.422775,0.462034,0.566455,0.643897,0.672414,0.647426,0.612900,0.323273,0.416401,0.460030,0.567226,0.645612,0.674166,0.647551,0.610952,0.431859,0.472698,0.580608,0.661687,0.693474,0.664251,0.622865,0.495810,0.622212,0.717467,0.763853,0.718876,0.639059,0.682210,0.797829,0.846727,0.695501,0.484242,1.000000,0.493232,0.001426,-0.173196,-0.162240,-0.304600,-0.382999,-0.378229,-0.456596,-0.542834
10Y-5Y,-0.090647,-0.131641,-0.161740,-0.165338,-0.204346,-0.151609,-0.087229,0.034181,0.169365,0.267830,-0.182805,-0.214525,-0.180557,-0.217876,-0.155006,-0.085719,0.045222,0.192706,0.301743,-0.181024,-0.170690,-0.213555,-0.151756,-0.081709,0.051557,0.201835,0.313087,-0.162472,-0.214798,-0.147817,-0.073481,0.069539,0.232653,0.355045,-0.257831,-0.139823,-0.043620,0.149307,0.379874,0.554165,-0.069945,0.058386,0.354806,0.668699,0.821640,0.493232,1.000000,0.818430,0.717611,0.778350,0.628631,0.564279,0.479027,0.447012,0.369103
20Y-5Y,-0.409588,-0.461800,-0.480101,-0.450723,-0.499990,-0.491810,-0.459054,-0.343837,-0.141604,-0.001065,-0.364208,-0.489892,-0.446250,-0.502824,-0.492243,-0.456845,-0.332462,-0.110337,0.047488,-0.435397,-0.430419,-0.496005,-0.488573,-0.452870,-0.325955,-0.099118,0.062621,-0.416020,-0.496652,-0.487617,-0.448864,-0.312900,-0.066596,0.112296,-0.557276,-0.503687,-0.447956,-0.266509,0.080101,0.344714,-0.463486,-0.381837,-0.090359,0.432376,0.742917,0.001426,0.818430,1.000000,0.978666,0.927341,0.952045,0.917599,0.896439,0.868509,0.768304
30Y-5Y,-0.535254,-0.591084,-0.612367,-0.589905,-0.640742,-0.644042,-0.620430,-0.516659,-0.323587,-0.182950,-0.432898,-0.611449,-0.584281,-0.642704,-0.644710,-0.619002,-0.506998,-0.294062,-0.135191,-0.552394,-0.567845,-0.635772,-0.641261,-0.615344,-0.500883,-0.283025,-0.119789,-0.555457,-0.637453,-0.641522,-0.612774,-0.490181,-0.252956,-0.071553,-0.694557,-0.659789,-0.615463,-0.451522,-0.114122,0.161646,-0.627300,-0.558001,-0.286272,0.246395,0.601423,-0.173196,0.717611,0.978666,1.000000,0.939009,0.985152,0.976122,0.941606,0.943769,0.883422
10Y-7Y,-0.427479,-0.485580,-0.496445,-0.505850,-0.570892,-0.579122,-0.558606,-0.439632,-0.271209,-0.138842,-0.392642,-0.502443,-0.509940,-0.580607,-0.584655,-0.561952,-0.434003,-0.248674,-0.100071,-0.438656,-0.494147,-0.574258,-0.581524,-0.558641,-0.428082,-0.238409,-0.085797,-0.495982,-0.584811,-0.586715,-0.560910,-0.421620,-0.215503,-0.046800,-0.650306,-0.607674,-0.567296,-0.381931,-0.087930,0.167379,-0.571711,-0.509587,-0.208639,0.256563,0.582519,-0.162240,0.778350,0.927341,0.939009,1.000000,0.932914,0.916501,0.816353,0.836598,0.810463
20Y-7Y,-0.527755,-0.582403,-0.589966,-0.564242,-0.619982,-0.641040,-0.632101,-0.530305,-0.331290,-0.188665,-0.425446,-0.576452,-0.554397,-0.620294,-0.642164,-0.632142,-0.522394,-0.303179,-0.142290,-0.513615,-0.537367,-0.613185,-0.638905,-0.628880,-0.516733,-0.292532,-0.127281,-0.528383,-0.617677,-0.642088,-0.629983,-0.510206,-0.266665,-0.083611,-0.682492,-0.670123,-0.646185,-0.487552,-0.143651,0.132808,-0.650190,-0.607795,-0.345129,0.199036,0.559456,-0.304600,0.628631,0.952045,0.985152,0.932914,1.000000,0.991178,0.969564,0.966938,0.897879
30Y-7Y,-0.601239,-0.657148,-0.669997,-0.650557,-0.704592,-0.728483,-0.722384,-0.630784,-0.445089,-0.306864,-0.462646,-0.652672,-0.641256,-0.704711,-0.729623,-0.722591,-0.623830,-0.418600,-0.261977,-0.589402,-0.624435,-0.697767,-0.726558,-0.719538,-0.618481,-0.408276,-0.247101,-0.616224,-0.702138,-0.729754,-0.720673,-0.612702,-0.383757,-0.204487,-0.760795,-0.756063,-0.735498,-0.591965,-0.265590,0.010664,-0.738824,-0.699327,-0.455251,0.077703,0.457287,-0.382999,0.564279,0.917599,0.976122,0.916501,0.991178,1.000000,0.966574,0.985887,0.948307
20Y-10Y,-0.555799,-0.603944,-0.608686,-0.561033,-0.606210,-0.634388,-0.634001,-0.551627,-0.346946,-0.208193,-0.415396,-0.582933,-0.542462,-0.600105,-0.632429,-0.631791,-0.542765,-0.317182,-0.160175,-0.525521,-0.525887,-0.593020,-0.629330,-0.628811,-0.537711,-0.307085,-0.145807,-0.510229,-0.593050,-0.630906,-0.629038,-0.531637,-0.281171,-0.102281,-0.652473,-0.661622,-0.650681,-0.522288,-0.170612,0.099202,-0.654102,-0.628347,-0.411684,0.144786,0.501229,-0.378229,0.479027,0.896439,0.941606,0.816353,0.969564,0.966574,1.000000,0.982023,0.889032
30Y-10Y,-0.644461,-0.696711,-0.709760,-0.679201,-0.725979,-0.755252,-0.755486,-0.679835,-0.496021,-0.362125,-0.469246,-0.683523,-0.664753,-0.722077,-0.754498,-0.754369,-0.672667,-0.469178,-0.316881,-0.623574,-0.648326,-0.715224,-0.751611,-0.751574,-0.667820,-0.459335,-0.302484,-0.636315,-0.716793,-0.753816,-0.752178,-0.662611,-0.435344,-0.260446,-0.769712,-0.781073,-0.769808,-0.650822,-0.326909,-0.055443,-0.772515,-0.744426,-0.536122,-0.000959,0.382446,-0.456596,0.447012,0.868509,0.943769,0.836598,0.966938,0.985887,0.982023,1.000000,0.959472
30Y-20Y,-0.733414,-0.788271,-0.812842,-0.809863,-0.855880,-0.884815,-0.885960,-0.825443,-0.685165,-0.567541,-0.518030,-0.787652,-0.802543,-0.855529,-0.885912,-0.886552,-0.821287,-0.664490,-0.529484,-0.727954,-0.787445,-0.849483,-0.883535,-0.884221,-0.817075,-0.655690,-0.516014,-0.781686,-0.853247,-0.886530,-0.885348,-0.813508,-0.636186,-0.479029,-0.892889,-0.906787,-0.895798,-0.798871,-0.538227,-0.282583,-0.897255,-0.867574,-0.685783,-0.218481,0.179348,-0.542834,0.369103,0.768304,0.883422,0.810463,0.897879,0.948307,0.889032,0.959472,1.000000
