,3M-1M,6M-1M,1Y-1M,2Y-1M,3Y-1M,5Y-1M,7Y-1M,10Y-1M,20Y-1M,30Y-1M,6M-3M,1Y-3M,2Y-3M,3Y-3M,5Y-3M,7Y-3M,10Y-3M,20Y-3M,30Y-3M,1Y-6M,2Y-6M,3Y-6M,5Y-6M,7Y-6M,10Y-6M,20Y-6M,30Y-6M,2Y-1Y,3Y-1Y,5Y-1Y,7Y-1Y,10Y-1Y,20Y-1Y,30Y-1Y,3Y-2Y,5Y-2Y,7Y-2Y,10Y-2Y,20Y-2Y,30Y-2Y,5Y-3Y,7Y-3Y,10Y-3Y,20Y-3Y,30Y-3Y,7Y-5Y,10Y-5Y,20Y-5Y,30Y-5Y,10Y-7Y,20Y-7Y,30Y-7Y,20Y-10Y,30Y-10Y,30Y-20Y
3M-1M,1.000000,0.783391,0.627796,0.468616,0.417963,0.379988,0.362814,0.351326,0.342911,0.342044,0.165413,0.175343,0.177627,0.181327,0.186559,0.180033,0.159415,0.053392,0.116586,0.113793,0.125775,0.129868,0.140459,0.132298,0.106029,0.040754,0.049152,0.106487,0.099702,0.101787,0.087208,0.053240,0.028454,-0.007961,0.062653,0.053181,0.028848,-0.000519,-0.038021,-0.021695,0.037807,0.024490,0.000204,-0.077933,-0.012552,-0.007907,-0.046464,-0.119117,-0.055471,-0.075280,-0.117116,-0.064243,-0.103873,-0.061264,-0.094189
6M-1M,0.783391,1.000000,0.864218,0.648419,0.577432,0.527991,0.506669,0.480872,0.455894,0.448591,0.558627,0.452735,0.404217,0.391530,0.378865,0.364682,0.333806,0.264176,0.271877,0.196572,0.241546,0.248702,0.254845,0.241967,0.204101,0.069637,0.120004,0.236714,0.228820,0.218265,0.197396,0.146416,-0.002331,0.052456,0.150390,0.114751,0.076715,0.017970,-0.104352,-0.058425,0.057681,0.030724,-0.030748,-0.144647,-0.088720,-0.018978,-0.105929,-0.195149,-0.151221,-0.163418,-0.207121,-0.177765,-0.179322,-0.171976,-0.151691
1Y-1M,0.627796,0.864218,1.000000,0.856259,0.790441,0.715511,0.676275,0.629837,0.576295,0.549005,0.523954,0.684327,0.613015,0.592424,0.563902,0.538967,0.496610,0.434293,0.405332,0.550153,0.505270,0.495099,0.478099,0.452898,0.401992,0.266545,0.287485,0.387864,0.386506,0.362291,0.330164,0.260925,0.067262,0.117624,0.269875,0.207678,0.152262,0.059202,-0.084637,-0.101939,0.113982,0.054594,-0.054901,-0.176043,-0.196053,-0.059936,-0.187414,-0.270445,-0.289157,-0.263384,-0.311176,-0.333989,-0.277937,-0.327527,-0.260640
2Y-1M,0.468616,0.648419,0.856259,1.000000,1.000000,0.937712,0.870804,0.802932,0.715096,0.670901,0.525078,0.707851,0.821883,0.802816,0.764519,0.724918,0.669516,0.624983,0.552592,0.614898,0.748721,0.733124,0.699803,0.656476,0.590370,0.498815,0.449773,0.699247,0.671883,0.617082,0.562940,0.475237,0.335321,0.306771,0.421909,0.345419,0.265284,0.142102,0.002193,-0.094108,0.224007,0.105798,-0.043310,-0.132319,-0.262829,-0.099624,-0.247204,-0.317323,-0.400210,-0.336197,-0.393470,-0.462474,-0.369777,-0.458870,-0.378723
3Y-1M,0.417963,0.577432,0.790441,1.000000,1.000000,1.000000,0.956980,0.889958,0.801056,0.754817,0.525824,0.703915,0.823639,0.849727,0.823137,0.787491,0.734456,0.721020,0.615659,0.615697,0.753255,0.786974,0.763461,0.723409,0.659709,0.618564,0.517644,0.707187,0.743906,0.697463,0.646550,0.561865,0.461707,0.392236,0.564382,0.467671,0.385707,0.257263,0.141899,-0.001423,0.295358,0.173075,0.020346,-0.051097,-0.229960,-0.062333,-0.206220,-0.252435,-0.386499,-0.306718,-0.359014,-0.462394,-0.344560,-0.473080,-0.392304
5Y-1M,0.379988,0.527991,0.715511,0.937712,1.000000,1.000000,1.000000,1.000000,0.925336,0.878737,0.514502,0.673719,0.792887,0.837976,0.862631,0.844921,0.804576,0.856968,0.692997,0.587430,0.724865,0.779564,0.808410,0.785806,0.734419,0.772564,0.596513,0.687695,0.754213,0.766094,0.732465,0.660277,0.641522,0.493717,0.618968,0.590405,0.519632,0.395409,0.333675,0.125022,0.453948,0.331480,0.166522,0.148536,-0.125764,0.021295,-0.113204,-0.113622,-0.323602,-0.221378,-0.248929,-0.414891,-0.262322,-0.447691,-0.369101
7Y-1M,0.362814,0.506669,0.676275,0.870804,0.956980,1.000000,1.000000,1.000000,1.000000,0.961324,0.503394,0.642240,0.751852,0.805175,0.848918,0.855471,0.830466,0.938587,0.736337,0.555914,0.683481,0.748276,0.796962,0.799777,0.763800,0.862821,0.642279,0.650125,0.732581,0.766642,0.761934,0.705802,0.745718,0.556277,0.631619,0.626458,0.589504,0.476857,0.462970,0.215715,0.498403,0.425375,0.260269,0.281699,-0.044694,0.129753,-0.013716,0.019833,-0.245043,-0.147562,-0.154173,-0.353117,-0.177917,-0.397973,-0.324203
10Y-1M,0.351326,0.480872,0.629837,0.802932,0.889958,1.000000,1.000000,1.000000,1.000000,1.000000,0.476821,0.596945,0.698126,0.756994,0.815212,0.836676,0.839388,1.000000,0.766218,0.511311,0.632001,0.703431,0.767664,0.786311,0.779187,0.938486,0.677816,0.604106,0.696748,0.749822,0.762846,0.740208,0.837642,0.609850,0.628577,0.646350,0.629345,0.553212,0.581488,0.306601,0.529888,0.485129,0.361378,0.411669,0.049662,0.201580,0.098731,0.156137,-0.154405,-0.019008,-0.010793,-0.263133,-0.087882,-0.334688,-0.253323
20Y-1M,0.342911,0.455894,0.576295,0.715096,0.801056,0.925336,1.000000,1.000000,1.000000,1.000000,0.437882,0.531274,0.619499,0.681286,0.751930,0.788898,0.810206,1.000000,0.788388,0.447931,0.557070,0.631805,0.708538,0.743904,0.756583,0.992264,0.706371,0.538573,0.635777,0.704961,0.738072,0.737513,0.912564,0.661314,0.598419,0.639126,0.648380,0.596161,0.701483,0.409883,0.539516,0.536933,0.436096,0.551897,0.171119,0.285735,0.194595,0.315861,-0.027915,0.070919,0.162140,-0.133554,0.097342,-0.200136,-0.177009
30Y-1M,0.342044,0.448591,0.549005,0.670901,0.754817,0.878737,0.961324,1.000000,1.000000,1.000000,0.419851,0.494973,0.575823,0.636883,0.708745,0.749771,0.778662,1.000000,0.785322,0.408166,0.511740,0.586445,0.664905,0.705134,0.726342,0.992861,0.707175,0.496910,0.595963,0.667820,0.707438,0.718916,0.924618,0.681258,0.576485,0.620093,0.639327,0.602891,0.743142,0.462033,0.526467,0.544182,0.461129,0.606840,0.232345,0.313108,0.238196,0.381888,0.040305,0.120767,0.230893,-0.058678,0.154667,-0.124266,-0.044662
6M-3M,0.165413,0.558627,0.523954,0.525078,0.525824,0.514502,0.503394,0.476821,0.437882,0.419851,1.000000,0.971953,0.874251,0.881262,0.858576,0.848378,0.845563,0.465799,0.848354,0.658728,0.676709,0.739589,0.731859,0.722670,0.723938,0.273261,0.713206,0.717941,0.838779,0.827008,0.821560,0.818143,0.214923,0.789240,0.763029,0.692379,0.623422,0.480933,0.030574,-0.025342,0.420952,0.028102,-0.193492,-0.061981,-0.738449,-0.583857,-0.560183,-0.160933,-0.815431,-0.382662,-0.226181,-0.815764,-0.208223,-0.841248,-0.180093
1Y-3M,0.175343,0.452735,0.684327,0.707851,0.703915,0.673719,0.642240,0.596945,0.531274,0.494973,0.971953,1.000000,1.000000,1.000000,0.999054,0.986918,0.973260,0.553175,0.957392,0.976185,0.950969,0.968721,0.956131,0.945039,0.932556,0.413749,0.910300,0.888389,0.927862,0.910513,0.888057,0.846221,0.238008,0.738717,0.674298,0.622989,0.500418,0.307621,-0.015653,-0.271157,0.394894,-0.083198,-0.354311,-0.143187,-0.842883,-0.630435,-0.705054,-0.281619,-0.908623,-0.594352,-0.349062,-0.922868,-0.319412,-0.892465,-0.284301
2Y-3M,0.177627,0.404217,0.613015,0.821883,0.823639,0.792887,0.751852,0.698126,0.619499,0.575823,0.874251,1.000000,1.000000,1.000000,1.000000,1.000000,1.000000,0.640737,0.962414,0.943501,1.000000,1.000000,1.000000,0.990082,0.964439,0.514757,0.914086,0.989238,0.993775,0.959150,0.923476,0.861683,0.350779,0.723971,0.658036,0.595583,0.462043,0.260376,-0.000650,-0.290944,0.361657,-0.086079,-0.353613,-0.149949,-0.787941,-0.552036,-0.673535,-0.320521,-0.863713,-0.617670,-0.401243,-0.892228,-0.366243,-0.850488,-0.347748
3Y-3M,0.181327,0.391530,0.592424,0.802816,0.849727,0.837976,0.805175,0.756994,0.681286,0.636883,0.881262,1.000000,1.000000,1.000000,1.000000,1.000000,1.000000,0.698140,0.984631,0.918700,0.995817,1.000000,1.000000,1.000000,0.983110,0.578522,0.924620,0.969344,1.000000,0.993291,0.958649,0.902535,0.423626,0.763722,0.745675,0.678473,0.546814,0.351520,0.084274,-0.201642,0.424979,-0.020137,-0.278389,-0.090601,-0.741591,-0.526213,-0.626351,-0.276805,-0.842298,-0.560539,-0.366031,-0.874393,-0.344001,-0.853359,-0.355428
5Y-3M,0.186559,0.378865,0.563902,0.764519,0.823137,0.862631,0.848918,0.815212,0.751930,0.708745,0.858576,0.999054,1.000000,1.000000,1.000000,1.000000,1.000000,0.764400,1.000000,0.908339,0.983155,1.000000,1.000000,1.000000,1.000000,0.654993,0.972554,0.958123,1.000000,1.000000,0.993462,0.942847,0.506824,0.805937,0.755769,0.725859,0.593606,0.401423,0.181773,-0.150046,0.490855,0.036262,-0.219943,0.012440,-0.680823,-0.484772,-0.584670,-0.205174,-0.799922,-0.524128,-0.297074,-0.836241,-0.286846,-0.819906,-0.346610
7Y-3M,0.180033,0.364682,0.538967,0.724918,0.787491,0.844921,0.855471,0.836676,0.788898,0.749771,0.848378,0.986918,1.000000,1.000000,1.000000,1.000000,1.000000,0.809440,1.000000,0.904012,0.973885,1.000000,1.000000,1.000000,1.000000,0.707962,1.000000,0.953641,1.000000,1.000000,1.000000,0.974372,0.566917,0.851972,0.746528,0.733119,0.617950,0.428505,0.256432,-0.119950,0.504051,0.064059,-0.190807,0.095030,-0.641618,-0.433288,-0.541097,-0.114238,-0.752927,-0.502337,-0.228535,-0.802116,-0.219259,-0.782228,-0.330153
10Y-3M,0.159415,0.333806,0.496610,0.669516,0.734456,0.804576,0.830466,0.839388,0.810206,0.778662,0.845563,0.973260,1.000000,1.000000,1.000000,1.000000,1.000000,0.841748,1.000000,0.894562,0.956349,1.000000,1.000000,1.000000,1.000000,0.749081,1.000000,0.938949,0.999435,1.000000,1.000000,1.000000,0.618163,0.902290,0.751262,0.754341,0.647912,0.474315,0.326922,-0.077041,0.529849,0.090217,-0.155657,0.170967,-0.610218,-0.417026,-0.503008,-0.030454,-0.718902,-0.452045,-0.139896,-0.765590,-0.163866,-0.760080,-0.284941
20Y-3M,0.053392,0.264176,0.434293,0.624983,0.721020,0.856968,0.938587,1.000000,1.000000,1.000000,0.465799,0.553175,0.640737,0.698140,0.764400,0.809440,0.841748,1.000000,0.850139,0.477767,0.598752,0.666656,0.734239,0.777241,0.801312,1.000000,0.772855,0.585596,0.678401,0.745100,0.785727,0.791427,0.965370,0.728685,0.597620,0.656744,0.676030,0.615516,0.723058,0.399828,0.528564,0.541950,0.429927,0.589174,0.140320,0.279900,0.194262,0.367600,-0.033695,0.059088,0.199855,-0.147772,0.141595,-0.202931,-0.146674
30Y-3M,0.116586,0.271877,0.405332,0.552592,0.615659,0.692997,0.736337,0.766218,0.788388,0.785322,0.848354,0.957392,0.962414,0.984631,1.000000,1.000000,1.000000,0.850139,1.000000,0.896569,0.934916,0.980455,1.000000,1.000000,1.000000,0.777889,1.000000,0.925874,0.976158,1.000000,1.000000,1.000000,0.671135,1.000000,0.714717,0.749521,0.665673,0.500717,0.435860,-0.038304,0.536100,0.088475,-0.157608,0.312263,-0.583345,-0.406647,-0.480363,0.146263,-0.649859,-0.427620,0.037658,-0.691989,0.031703,-0.660407,-0.143022
1Y-6M,0.113793,0.196572,0.550153,0.614898,0.615697,0.587430,0.555914,0.511311,0.447931,0.408166,0.658728,0.976185,0.943501,0.918700,0.908339,0.904012,0.894562,0.477767,0.896569,1.000000,0.990690,0.970991,0.959760,0.956389,0.947792,0.444645,0.953015,0.867159,0.836341,0.821717,0.800548,0.747311,0.201336,0.629104,0.479703,0.459114,0.326672,0.129001,-0.039157,-0.424907,0.308619,-0.167937,-0.447669,-0.149470,-0.832669,-0.597887,-0.723953,-0.273661,-0.850154,-0.662074,-0.333814,-0.866349,-0.295885,-0.792949,-0.278858
2Y-6M,0.125775,0.241546,0.505270,0.748721,0.753255,0.724865,0.683481,0.632001,0.557070,0.511740,0.676709,0.950969,1.000000,0.995817,0.983155,0.973885,0.956349,0.598752,0.934916,0.990690,1.000000,1.000000,1.000000,1.000000,0.991157,0.552959,0.965719,0.998495,0.946240,0.914170,0.882212,0.813475,0.353175,0.670048,0.516115,0.481012,0.339394,0.129928,-0.008370,-0.411701,0.290789,-0.157128,-0.431085,-0.146771,-0.787346,-0.529433,-0.692318,-0.306685,-0.824283,-0.678579,-0.381285,-0.856603,-0.342993,-0.779580,-0.348661
3Y-6M,0.129868,0.248702,0.495099,0.733124,0.786974,0.779564,0.748276,0.703431,0.631805,0.586445,0.739589,0.968721,1.000000,1.000000,1.000000,1.000000,1.000000,0.666656,0.980455,0.970991,1.000000,1.000000,1.000000,1.000000,1.000000,0.624759,0.990954,0.983852,0.995602,0.975930,0.946345,0.888136,0.440838,0.747502,0.659143,0.614421,0.476788,0.273651,0.095889,-0.287047,0.388612,-0.069153,-0.336968,-0.076079,-0.757842,-0.525638,-0.650976,-0.254185,-0.829001,-0.608607,-0.341636,-0.863330,-0.319224,-0.816946,-0.351784
5Y-6M,0.140459,0.254845,0.478099,0.699803,0.763461,0.808410,0.796962,0.767664,0.708538,0.664905,0.731859,0.956131,1.000000,1.000000,1.000000,1.000000,1.000000,0.734239,1.000000,0.959760,1.000000,1.000000,1.000000,1.000000,1.000000,0.705602,1.000000,0.969629,0.992732,1.000000,0.986627,0.936414,0.534197,0.797829,0.678579,0.677851,0.539765,0.341151,0.208591,-0.222003,0.475945,0.002053,-0.264112,0.042269,-0.690970,-0.486831,-0.605887,-0.173911,-0.787294,-0.565066,-0.265188,-0.825742,-0.260308,-0.788027,-0.335241
7Y-6M,0.132298,0.241967,0.452898,0.656476,0.723409,0.785806,0.799777,0.786311,0.743904,0.705134,0.722670,0.945039,0.990082,1.000000,1.000000,1.000000,1.000000,0.777241,1.000000,0.956389,1.000000,1.000000,1.000000,1.000000,1.000000,0.761388,1.000000,0.964347,0.984251,1.000000,1.000000,0.971316,0.601333,0.851800,0.665424,0.683689,0.566905,0.371502,0.294760,-0.189977,0.488991,0.035081,-0.231476,0.137229,-0.649419,-0.426636,-0.555521,-0.068390,-0.734540,-0.541803,-0.186615,-0.788515,-0.183498,-0.746503,-0.313311
10Y-6M,0.106029,0.204101,0.401992,0.590370,0.659709,0.734419,0.763800,0.779187,0.756583,0.726342,0.723938,0.932556,0.964439,0.983110,1.000000,1.000000,1.000000,0.801312,1.000000,0.947792,0.991157,1.000000,1.000000,1.000000,1.000000,0.801741,1.000000,0.946800,0.974719,1.000000,1.000000,1.000000,0.657754,0.914825,0.673635,0.711907,0.606276,0.429446,0.377914,-0.140719,0.521648,0.065492,-0.190221,0.227516,-0.620620,-0.414363,-0.513009,0.031314,-0.701069,-0.481790,-0.082052,-0.752236,-0.120058,-0.728619,-0.258827
20Y-6M,0.040754,0.069637,0.266545,0.498815,0.618564,0.772564,0.862821,0.938486,0.992264,0.992861,0.273261,0.413749,0.514757,0.578522,0.654993,0.707962,0.749081,1.000000,0.777889,0.444645,0.552959,0.624759,0.705602,0.761388,0.801741,1.000000,0.808998,0.526852,0.634063,0.724333,0.782052,0.808791,1.000000,0.776900,0.601171,0.689001,0.728018,0.685396,0.887288,0.502409,0.580259,0.615977,0.519791,0.736331,0.237137,0.335544,0.277036,0.501520,0.054313,0.146385,0.327022,-0.059360,0.239492,-0.126410,-0.086012
30Y-6M,0.049152,0.120004,0.287485,0.449773,0.517644,0.596513,0.642279,0.677816,0.706371,0.707175,0.713206,0.910300,0.914086,0.924620,0.972554,1.000000,1.000000,0.772855,1.000000,0.953015,0.965719,0.990954,1.000000,1.000000,1.000000,0.808998,1.000000,0.930191,0.939442,0.993471,1.000000,1.000000,0.705352,1.000000,0.616195,0.692797,0.614438,0.446840,0.507819,-0.110893,0.519935,0.051886,-0.207393,0.396477,-0.597911,-0.403433,-0.493273,0.241736,-0.621209,-0.466089,0.129264,-0.667445,0.109788,-0.610214,-0.093027
2Y-1Y,0.106487,0.236714,0.387864,0.699247,0.707187,0.687695,0.650125,0.604106,0.538573,0.496910,0.717941,0.888389,0.989238,0.969344,0.958123,0.953641,0.938949,0.585596,0.925874,0.867159,0.998495,0.983852,0.969629,0.964347,0.946800,0.526852,0.930191,1.000000,0.978438,0.936235,0.915906,0.855034,0.426841,0.757164,0.501379,0.452705,0.323598,0.121702,0.023982,-0.388862,0.220776,-0.183533,-0.438274,-0.104970,-0.753723,-0.470996,-0.650005,-0.259978,-0.772545,-0.663240,-0.333210,-0.810069,-0.303233,-0.728668,-0.328208
3Y-1Y,0.099702,0.228820,0.386506,0.671883,0.743906,0.754213,0.732581,0.696748,0.635777,0.595963,0.838779,0.927862,0.993775,1.000000,1.000000,1.000000,0.999435,0.678401,0.976158,0.836341,0.946240,0.995602,0.992732,0.984251,0.974719,0.634063,0.939442,0.978438,1.000000,1.000000,1.000000,0.966658,0.548290,0.869080,0.784844,0.719063,0.605696,0.420507,0.184074,-0.123813,0.424563,0.000920,-0.242274,0.001958,-0.711873,-0.498737,-0.578047,-0.179243,-0.803237,-0.505937,-0.277405,-0.836493,-0.269777,-0.823763,-0.320381
5Y-1Y,0.101787,0.218265,0.362291,0.617082,0.697463,0.766094,0.766642,0.749822,0.704961,0.667820,0.827008,0.910513,0.959150,0.993291,1.000000,1.000000,1.000000,0.745100,1.000000,0.821717,0.914170,0.975930,1.000000,1.000000,1.000000,0.724333,0.993471,0.936235,1.000000,1.000000,1.000000,1.000000,0.659511,0.927269,0.814852,0.814462,0.704594,0.528850,0.329956,-0.023053,0.571591,0.122576,-0.123439,0.159549,-0.624420,-0.468019,-0.520883,-0.072965,-0.758087,-0.437105,-0.175031,-0.793934,-0.189880,-0.798234,-0.293635
7Y-1Y,0.087208,0.197396,0.330164,0.562940,0.646550,0.732465,0.761934,0.762846,0.738072,0.707438,0.821560,0.888057,0.923476,0.958649,0.993462,1.000000,1.000000,0.785727,1.000000,0.800548,0.882212,0.946345,0.986627,1.000000,1.000000,0.782052,1.000000,0.915906,1.000000,1.000000,1.000000,1.000000,0.742209,1.000000,0.803054,0.819039,0.748641,0.582573,0.445683,0.042575,0.581441,0.191116,-0.058206,0.287774,-0.561676,-0.365277,-0.431431,0.070274,-0.680313,-0.388874,-0.072263,-0.739361,-0.087811,-0.744231,-0.261870
10Y-1Y,0.053240,0.146416,0.260925,0.475237,0.561865,0.660277,0.705802,0.740208,0.737513,0.718916,0.818143,0.846221,0.861683,0.902535,0.942847,0.974372,1.000000,0.791427,1.000000,0.747311,0.813475,0.888136,0.936414,0.971316,1.000000,0.808791,1.000000,0.855034,0.966658,1.000000,1.000000,1.000000,0.805154,1.000000,0.826276,0.861203,0.814071,0.684449,0.556363,0.149331,0.627527,0.258073,0.041892,0.410085,-0.495527,-0.330075,-0.334729,0.203826,-0.616153,-0.257460,0.068492,-0.671253,-0.006822,-0.714846,-0.184992
20Y-1Y,0.028454,-0.002331,0.067262,0.335321,0.461707,0.641522,0.745718,0.837642,0.912564,0.924618,0.214923,0.238008,0.350779,0.423626,0.506824,0.566917,0.618163,0.965370,0.671135,0.201336,0.353175,0.440838,0.534197,0.601333,0.657754,1.000000,0.705352,0.426841,0.548290,0.659511,0.742209,0.805154,1.000000,0.843144,0.584185,0.715931,0.793000,0.785029,1.000000,0.652357,0.640168,0.725198,0.655104,0.911553,0.391559,0.440051,0.415446,0.664518,0.197368,0.270493,0.480742,0.078818,0.372638,-0.006983,-0.015487
30Y-1Y,-0.007961,0.052456,0.117624,0.306771,0.392236,0.493717,0.556277,0.609850,0.661314,0.681258,0.789240,0.738717,0.723971,0.763722,0.805937,0.851972,0.902290,0.728685,1.000000,0.629104,0.670048,0.747502,0.797829,0.851800,0.914825,0.776900,1.000000,0.757164,0.869080,0.927269,1.000000,1.000000,0.843144,1.000000,0.766516,0.815394,0.826838,0.731826,0.720509,0.307341,0.584228,0.303667,0.104407,0.628114,-0.353527,-0.223020,-0.211775,0.468373,-0.427453,-0.156198,0.333575,-0.477850,0.273320,-0.505511,0.030562
3Y-2Y,0.062653,0.150390,0.269875,0.421909,0.564382,0.618968,0.631619,0.628577,0.598419,0.576485,0.763029,0.674298,0.658036,0.745675,0.755769,0.746528,0.751262,0.597620,0.714717,0.479703,0.516115,0.659143,0.678579,0.665424,0.673635,0.601171,0.616195,0.501379,0.784844,0.814852,0.803054,0.826276,0.584185,0.766516,1.000000,0.969948,0.922022,0.841438,0.443953,0.427935,0.661022,0.346742,0.223490,0.211839,-0.364624,-0.365231,-0.230794,0.027373,-0.570561,-0.027608,-0.077309,-0.583933,-0.122470,-0.706886,-0.189865
5Y-2Y,0.053181,0.114751,0.207678,0.345419,0.467671,0.590405,0.626458,0.646350,0.639126,0.620093,0.692379,0.622989,0.595583,0.678473,0.725859,0.733119,0.754341,0.656744,0.749521,0.459114,0.481012,0.614421,0.677851,0.683689,0.711907,0.689001,0.692797,0.452705,0.719063,0.814462,0.819039,0.861203,0.715931,0.815394,0.969948,1.000000,0.987272,0.917820,0.623386,0.497739,0.855435,0.500895,0.363225,0.442467,-0.237631,-0.322795,-0.167392,0.176798,-0.491121,0.027806,0.073820,-0.509842,0.004644,-0.634917,-0.149164
7Y-2Y,0.028848,0.076715,0.152262,0.265284,0.385707,0.519632,0.589504,0.629345,0.648380,0.639327,0.623422,0.500418,0.462043,0.546814,0.593606,0.617950,0.647912,0.676030,0.665673,0.326672,0.339394,0.476788,0.539765,0.566905,0.606276,0.728018,0.614438,0.323598,0.605696,0.704594,0.748641,0.814071,0.793000,0.826838,0.922022,0.987272,1.000000,0.995013,0.761207,0.661152,0.834169,0.664117,0.537018,0.607723,-0.059382,-0.085107,0.059009,0.376655,-0.299886,0.177506,0.204014,-0.358549,0.141863,-0.502566,-0.106791
10Y-2Y,-0.000519,0.017970,0.059202,0.142102,0.257263,0.395409,0.476857,0.553212,0.596161,0.602891,0.480933,0.307621,0.260376,0.351520,0.401423,0.428505,0.474315,0.615516,0.500717,0.129001,0.129928,0.273651,0.341151,0.371502,0.429446,0.685396,0.446840,0.121702,0.420507,0.528850,0.582573,0.684449,0.785029,0.731826,0.841438,0.917820,0.995013,1.000000,0.836794,0.809603,0.798890,0.734292,0.710797,0.715753,0.154763,0.057511,0.289847,0.514434,-0.087083,0.435593,0.370144,-0.139147,0.223306,-0.341397,0.005999
20Y-2Y,-0.038021,-0.104352,-0.084637,0.002193,0.141899,0.333675,0.462970,0.581488,0.701483,0.743142,0.030574,-0.015653,-0.000650,0.084274,0.181773,0.256432,0.326922,0.723058,0.435860,-0.039157,-0.008370,0.095889,0.208591,0.294760,0.377914,0.887288,0.507819,0.023982,0.184074,0.329956,0.445683,0.556363,1.000000,0.720509,0.443953,0.623386,0.761207,0.836794,1.000000,0.858120,0.614986,0.784723,0.798198,1.000000,0.648044,0.582119,0.636299,0.947581,0.483094,0.487249,0.767672,0.368399,0.628885,0.257310,0.177687
30Y-2Y,-0.021695,-0.058425,-0.101939,-0.094108,-0.001423,0.125022,0.215715,0.306601,0.409883,0.462033,-0.025342,-0.271157,-0.290944,-0.201642,-0.150046,-0.119950,-0.077041,0.399828,-0.038304,-0.424907,-0.411701,-0.287047,-0.222003,-0.189977,-0.140719,0.502409,-0.110893,-0.388862,-0.123813,-0.023053,0.042575,0.149331,0.652357,0.307341,0.427935,0.497739,0.661152,0.809603,0.858120,1.000000,0.486185,0.786981,0.918459,0.833693,0.791940,0.534550,0.752966,0.731024,0.588026,0.769836,0.635718,0.545925,0.529917,0.360760,0.270377
5Y-3Y,0.037807,0.057681,0.113982,0.224007,0.295358,0.453948,0.498403,0.529888,0.539516,0.526467,0.420952,0.394894,0.361657,0.424979,0.490855,0.504051,0.529849,0.528564,0.536100,0.308619,0.290789,0.388612,0.475945,0.488991,0.521648,0.580259,0.519935,0.220776,0.424563,0.571591,0.581441,0.627527,0.640168,0.584228,0.661022,0.855435,0.834169,0.798890,0.614986,0.486185,1.000000,0.726839,0.546474,0.545554,-0.001827,-0.230897,-0.063138,0.238407,-0.310716,0.114111,0.158306,-0.324573,0.098726,-0.440643,-0.084156
7Y-3Y,0.024490,0.030724,0.054594,0.105798,0.173075,0.331480,0.425375,0.485129,0.536933,0.544182,0.028102,-0.083198,-0.086079,-0.020137,0.036262,0.064059,0.090217,0.541950,0.088475,-0.167937,-0.157128,-0.069153,0.002053,0.035081,0.065492,0.615977,0.051886,-0.183533,0.000920,0.122576,0.191116,0.258073,0.725198,0.303667,0.346742,0.500895,0.664117,0.734292,0.784723,0.786981,0.726839,1.000000,0.951750,0.739492,0.595051,0.557188,0.602336,0.503215,0.319811,0.493434,0.316117,0.214011,0.268023,0.061685,-0.018415
10Y-3Y,0.000204,-0.030748,-0.054901,-0.043310,0.020346,0.166522,0.260269,0.361378,0.436096,0.461129,-0.193492,-0.354311,-0.353613,-0.278389,-0.219943,-0.190807,-0.155657,0.429927,-0.157608,-0.447669,-0.431085,-0.336968,-0.264112,-0.231476,-0.190221,0.519791,-0.207393,-0.438274,-0.242274,-0.123439,-0.058206,0.041892,0.655104,0.104407,0.223490,0.363225,0.537018,0.710797,0.798198,0.918459,0.546474,0.951750,1.000000,0.795515,0.861726,0.694466,0.889089,0.624347,0.611967,0.846228,0.508113,0.526394,0.335295,0.306459,0.117707
20Y-3Y,-0.077933,-0.144647,-0.176043,-0.132319,-0.051097,0.148536,0.281699,0.411669,0.551897,0.606840,-0.061981,-0.143187,-0.149949,-0.090601,0.012440,0.095030,0.170967,0.589174,0.312263,-0.149470,-0.146771,-0.076079,0.042269,0.137229,0.227516,0.736331,0.396477,-0.104970,0.001958,0.159549,0.287774,0.410085,0.911553,0.628114,0.211839,0.442467,0.607723,0.715753,1.000000,0.833693,0.545554,0.739492,0.795515,1.000000,0.737103,0.605230,0.701659,1.000000,0.613311,0.568324,0.901324,0.509973,0.753180,0.407368,0.274470
30Y-3Y,-0.012552,-0.088720,-0.196053,-0.262829,-0.229960,-0.125764,-0.044694,0.049662,0.171119,0.232345,-0.738449,-0.842883,-0.787941,-0.741591,-0.680823,-0.641618,-0.610218,0.140320,-0.583345,-0.832669,-0.787346,-0.757842,-0.690970,-0.649419,-0.620620,0.237137,-0.597911,-0.753723,-0.711873,-0.624420,-0.561676,-0.495527,0.391559,-0.353527,-0.364624,-0.237631,-0.059382,0.154763,0.648044,0.791940,-0.001827,0.595051,0.861726,0.737103,1.000000,1.000000,1.000000,0.723908,1.000000,0.842917,0.700435,1.000000,0.604844,1.000000,0.349092
7Y-5Y,-0.007907,-0.018978,-0.059936,-0.099624,-0.062333,0.021295,0.129753,0.201580,0.285735,0.313108,-0.583857,-0.630435,-0.552036,-0.526213,-0.484772,-0.433288,-0.417026,0.279900,-0.406647,-0.597887,-0.529433,-0.525638,-0.486831,-0.426636,-0.414363,0.335544,-0.403433,-0.470996,-0.498737,-0.468019,-0.365277,-0.330075,0.440051,-0.223020,-0.365231,-0.322795,-0.085107,0.057511,0.582119,0.534550,-0.230897,0.557188,0.694466,0.605230,1.000000,1.000000,1.000000,0.608557,0.999269,0.568922,0.416567,0.834082,0.392130,0.787231,0.073047
10Y-5Y,-0.046464,-0.105929,-0.187414,-0.247204,-0.206220,-0.113204,-0.013716,0.098731,0.194595,0.238196,-0.560183,-0.705054,-0.673535,-0.626351,-0.584670,-0.541097,-0.503008,0.194262,-0.480363,-0.723953,-0.692318,-0.650976,-0.605887,-0.555521,-0.513009,0.277036,-0.493273,-0.650005,-0.578047,-0.520883,-0.431431,-0.334729,0.415446,-0.211775,-0.230794,-0.167392,0.059009,0.289847,0.636299,0.752966,-0.063138,0.602336,0.889089,0.701659,1.000000,1.000000,1.000000,0.743515,1.000000,0.929995,0.641571,0.924565,0.450270,0.753320,0.240159
20Y-5Y,-0.119117,-0.195149,-0.270445,-0.317323,-0.252435,-0.113622,0.019833,0.156137,0.315861,0.381888,-0.160933,-0.281619,-0.320521,-0.276805,-0.205174,-0.114238,-0.030454,0.367600,0.146263,-0.273661,-0.306685,-0.254185,-0.173911,-0.068390,0.031314,0.501520,0.241736,-0.259978,-0.179243,-0.072965,0.070274,0.203826,0.664518,0.468373,0.027373,0.176798,0.376655,0.514434,0.947581,0.731024,0.238407,0.503215,0.624347,1.000000,0.723908,0.608557,0.743515,1.000000,0.760318,0.634499,1.000000,0.679626,0.895797,0.594528,0.367727
30Y-5Y,-0.055471,-0.151221,-0.289157,-0.400210,-0.386499,-0.323602,-0.245043,-0.154405,-0.027915,0.040305,-0.815431,-0.908623,-0.863713,-0.842298,-0.799922,-0.752927,-0.718902,-0.033695,-0.649859,-0.850154,-0.824283,-0.829001,-0.787294,-0.734540,-0.701069,0.054313,-0.621209,-0.772545,-0.803237,-0.758087,-0.680313,-0.616153,0.197368,-0.427453,-0.570561,-0.491121,-0.299886,-0.087083,0.483094,0.588026,-0.310716,0.319811,0.611967,0.613311,1.000000,0.999269,1.000000,0.760318,1.000000,0.769998,0.760620,1.000000,0.689656,1.000000,0.436242
10Y-7Y,-0.075280,-0.163418,-0.263384,-0.336197,-0.306718,-0.221378,-0.147562,-0.019008,0.070919,0.120767,-0.382662,-0.594352,-0.617670,-0.560539,-0.524128,-0.502337,-0.452045,0.059088,-0.427620,-0.662074,-0.678579,-0.608607,-0.565066,-0.541803,-0.481790,0.146385,-0.466089,-0.663240,-0.505937,-0.437105,-0.388874,-0.257460,0.270493,-0.156198,-0.027608,0.027806,0.177506,0.435593,0.487249,0.769836,0.114111,0.493434,0.846228,0.568324,0.842917,0.568922,0.929995,0.634499,0.769998,1.000000,0.680665,0.770120,0.390031,0.520065,0.350691
20Y-7Y,-0.117116,-0.207121,-0.311176,-0.393470,-0.359014,-0.248929,-0.154173,-0.010793,0.162140,0.230893,-0.226181,-0.349062,-0.401243,-0.366031,-0.297074,-0.228535,-0.139896,0.199855,0.037658,-0.333814,-0.381285,-0.341636,-0.265188,-0.186615,-0.082052,0.327022,0.129264,-0.333210,-0.277405,-0.175031,-0.072263,0.068492,0.480742,0.333575,-0.077309,0.073820,0.204014,0.370144,0.767672,0.635718,0.158306,0.316117,0.508113,0.901324,0.700435,0.416567,0.641571,1.000000,0.760620,0.680665,1.000000,0.773198,0.947409,0.683520,0.423285
30Y-7Y,-0.064243,-0.177765,-0.333989,-0.462474,-0.462394,-0.414891,-0.353117,-0.263133,-0.133554,-0.058678,-0.815764,-0.922868,-0.892228,-0.874393,-0.836241,-0.802116,-0.765590,-0.147772,-0.691989,-0.866349,-0.856603,-0.863330,-0.825742,-0.788515,-0.752236,-0.059360,-0.667445,-0.810069,-0.836493,-0.793934,-0.739361,-0.671253,0.078818,-0.477850,-0.583933,-0.509842,-0.358549,-0.139147,0.368399,0.545925,-0.324573,0.214011,0.526394,0.509973,1.000000,0.834082,0.924565,0.679626,1.000000,0.770120,0.773198,1.000000,0.696585,1.000000,0.528115
20Y-10Y,-0.103873,-0.179322,-0.277937,-0.369777,-0.344560,-0.262322,-0.177917,-0.087882,0.097342,0.154667,-0.208223,-0.319412,-0.366243,-0.344001,-0.286846,-0.219259,-0.163866,0.141595,0.031703,-0.295885,-0.342993,-0.319224,-0.260308,-0.183498,-0.120058,0.239492,0.109788,-0.303233,-0.269777,-0.189880,-0.087811,-0.006822,0.372638,0.273320,-0.122470,0.004644,0.141863,0.223306,0.628885,0.529917,0.098726,0.268023,0.335295,0.753180,0.604844,0.392130,0.450270,0.895797,0.689656,0.390031,0.947409,0.696585,1.000000,0.747287,0.307594
30Y-10Y,-0.061264,-0.171976,-0.327527,-0.458870,-0.473080,-0.447691,-0.397973,-0.334688,-0.200136,-0.124266,-0.841248,-0.892465,-0.850488,-0.853359,-0.819906,-0.782228,-0.760080,-0.202931,-0.660407,-0.792949,-0.779580,-0.816946,-0.788027,-0.746503,-0.728619,-0.126410,-0.610214,-0.728668,-0.823763,-0.798234,-0.744231,-0.714846,-0.006983,-0.505511,-0.706886,-0.634917,-0.502566,-0.341397,0.257310,0.360760,-0.440643,0.061685,0.306459,0.407368,1.000000,0.787231,0.753320,0.594528,1.000000,0.520065,0.683520,1.000000,0.747287,1.000000,0.533502
30Y-20Y,-0.094189,-0.151691,-0.260640,-0.378723,-0.392304,-0.369101,-0.324203,-0.253323,-0.177009,-0.044662,-0.180093,-0.284301,-0.347748,-0.355428,-0.346610,-0.330153,-0.284941,-0.146674,-0.143022,-0.278858,-0.348661,-0.351784,-0.335241,-0.313311,-0.258827,-0.086012,-0.093027,-0.328208,-0.320381,-0.293635,-0.261870,-0.184992,-0.015487,0.030562,-0.189865,-0.149164,-0.106791,0.005999,0.177687,0.270377,-0.084156,-0.018415,0.117707,0.274470,0.349092,0.073047,0.240159,0.367727,0.436242,0.350691,0.423285,0.528115,0.307594,0.533502,1.000000
