,3M-1M,6M-1M,1Y-1M,2Y-1M,3Y-1M,5Y-1M,7Y-1M,10Y-1M,20Y-1M,30Y-1M,6M-3M,1Y-3M,2Y-3M,3Y-3M,5Y-3M,7Y-3M,10Y-3M,20Y-3M,30Y-3M,1Y-6M,2Y-6M,3Y-6M,5Y-6M,7Y-6M,10Y-6M,20Y-6M,30Y-6M,2Y-1Y,3Y-1Y,5Y-1Y,7Y-1Y,10Y-1Y,20Y-1Y,30Y-1Y,3Y-2Y,5Y-2Y,7Y-2Y,10Y-2Y,20Y-2Y,30Y-2Y,5Y-3Y,7Y-3Y,10Y-3Y,20Y-3Y,30Y-3Y,7Y-5Y,10Y-5Y,20Y-5Y,30Y-5Y,10Y-7Y,20Y-7Y,30Y-7Y,20Y-10Y,30Y-10Y,30Y-20Y
3M-1M,1.000000,0.627043,0.535230,0.388206,0.246752,0.026221,-0.058446,-0.127595,-0.180216,-0.215467,-0.049636,-0.001112,0.046536,-0.077742,-0.232044,-0.281034,-0.322229,-0.340367,-0.357634,0.086535,0.094621,-0.078370,-0.272060,-0.323840,-0.365652,-0.375507,-0.389880,0.097725,-0.139565,-0.336108,-0.371922,-0.403862,-0.401548,-0.411561,-0.439359,-0.471608,-0.455420,-0.462913,-0.440883,-0.444380,-0.467099,-0.444263,-0.453776,-0.428628,-0.433100,-0.370450,-0.422510,-0.395586,-0.406558,-0.402064,-0.382358,-0.397042,-0.344719,-0.380060,-0.382486
6M-1M,0.627043,1.000000,0.947714,0.795883,0.731863,0.610836,0.544510,0.487562,0.419480,0.381040,0.746900,0.723934,0.628007,0.545004,0.432868,0.382470,0.339673,0.295599,0.269352,0.407402,0.416366,0.341650,0.260072,0.224460,0.193417,0.168696,0.152814,0.416581,0.301719,0.201899,0.167020,0.139349,0.122668,0.111105,-0.042200,0.001206,0.007617,0.004426,0.016519,0.017705,0.025989,0.025134,0.016861,0.027528,0.027193,0.021619,0.008334,0.027420,0.026854,-0.007223,0.028389,0.027187,0.052839,0.041653,0.021073
1Y-1M,0.535230,0.947714,1.000000,0.944317,0.892108,0.751767,0.658158,0.582294,0.491950,0.444761,0.758233,0.844110,0.823260,0.740307,0.593646,0.512369,0.448494,0.380309,0.344208,0.677537,0.679988,0.597564,0.457296,0.377840,0.318404,0.262380,0.234232,0.674183,0.541417,0.364464,0.282752,0.228271,0.185113,0.164261,0.040166,0.048365,0.026177,0.010088,0.012876,0.012718,0.050702,0.020208,0.001634,0.007174,0.007803,-0.027770,-0.040301,-0.014915,-0.009495,-0.046362,-0.008002,-0.002828,0.020671,0.016854,0.009508
2Y-1M,0.388206,0.795883,0.944317,1.000000,0.965260,0.819548,0.709162,0.618681,0.515043,0.463904,0.689064,0.871513,0.938639,0.864317,0.697467,0.594459,0.512694,0.427098,0.384800,0.868115,0.881852,0.799829,0.613578,0.499069,0.413113,0.330997,0.293331,0.879657,0.739826,0.499000,0.378679,0.297966,0.231792,0.203473,0.120596,0.091972,0.044999,0.013294,0.006734,0.005473,0.071111,0.016321,-0.016108,-0.015717,-0.013838,-0.068116,-0.089813,-0.058819,-0.047209,-0.096723,-0.050795,-0.037644,-0.013969,-0.009680,-0.002559
3Y-1M,0.246752,0.731863,0.892108,0.965260,1.000000,0.932610,0.854943,0.783269,0.694834,0.647741,0.727725,0.899493,0.953923,0.946963,0.843913,0.766410,0.698141,0.622745,0.582049,0.866256,0.879542,0.890488,0.782504,0.694572,0.620759,0.544577,0.506124,0.877144,0.862873,0.695059,0.593425,0.519561,0.454057,0.422938,0.375792,0.334729,0.284903,0.249663,0.237120,0.230989,0.294927,0.241861,0.207269,0.203259,0.200590,0.140123,0.123394,0.150716,0.157037,0.083612,0.146149,0.154362,0.183252,0.180455,0.154508
5Y-1M,0.026221,0.610836,0.751767,0.819548,0.932610,1.000000,0.980199,0.949156,0.896954,0.864440,0.760796,0.873330,0.878516,0.950760,0.966286,0.936410,0.900679,0.853031,0.822711,0.743566,0.754984,0.878356,0.923373,0.889495,0.850072,0.798753,0.768551,0.752933,0.894463,0.888063,0.831001,0.784052,0.734152,0.707290,0.636546,0.645957,0.602236,0.573592,0.559487,0.551104,0.619886,0.567635,0.537405,0.528492,0.521857,0.438373,0.443469,0.465675,0.467178,0.369549,0.449041,0.451968,0.480259,0.472272,0.403443
7Y-1M,-0.058446,0.544510,0.658158,0.709162,0.854943,0.980199,1.000000,0.986369,0.956488,0.931908,0.748027,0.816253,0.790552,0.898933,0.968826,0.974483,0.953167,0.924174,0.900066,0.628543,0.640874,0.815528,0.931385,0.939573,0.915400,0.882417,0.857546,0.640465,0.854654,0.925361,0.908253,0.872525,0.836003,0.812072,0.732973,0.758605,0.736243,0.706406,0.694522,0.684461,0.736332,0.710098,0.675593,0.667231,0.657725,0.607668,0.594146,0.611168,0.606687,0.473564,0.574311,0.573996,0.613561,0.597875,0.503023
10Y-1M,-0.127595,0.487562,0.582294,0.618681,0.783269,0.949156,0.986369,1.000000,0.988749,0.974722,0.734038,0.770334,0.718357,0.848125,0.956430,0.976926,0.980039,0.966636,0.951491,0.542687,0.549351,0.754702,0.921139,0.946979,0.950904,0.933778,0.917801,0.547028,0.806145,0.934412,0.933048,0.924435,0.900500,0.883923,0.781568,0.825200,0.803774,0.793798,0.785914,0.779674,0.809986,0.781889,0.770530,0.764387,0.758101,0.670298,0.703078,0.717017,0.714675,0.612038,0.693580,0.691512,0.711493,0.701608,0.602096
20Y-1M,-0.180216,0.419480,0.491950,0.515043,0.694834,0.896954,0.956488,0.988749,1.000000,0.994734,0.691663,0.696782,0.625714,0.774593,0.919188,0.960033,0.979848,0.986237,0.978605,0.441056,0.446741,0.678195,0.890488,0.940053,0.962394,0.965519,0.956517,0.444986,0.742645,0.923678,0.945190,0.953338,0.946643,0.935377,0.813151,0.872554,0.860911,0.859707,0.860613,0.855967,0.864060,0.846036,0.843497,0.845389,0.839756,0.744040,0.788963,0.808949,0.804845,0.695421,0.788176,0.782409,0.808600,0.792515,0.673299
30Y-1M,-0.215467,0.381040,0.444761,0.463904,0.647741,0.864440,0.931908,0.974722,0.994734,1.000000,0.672469,0.663294,0.583477,0.737834,0.896630,0.944329,0.973525,0.987128,0.988985,0.394607,0.399885,0.638913,0.869474,0.927185,0.960257,0.970825,0.971928,0.398409,0.707801,0.910661,0.940099,0.958674,0.958167,0.956540,0.815604,0.884179,0.875166,0.881441,0.884852,0.888411,0.880368,0.863979,0.869707,0.873196,0.876306,0.762877,0.822472,0.841641,0.848348,0.738471,0.825248,0.831906,0.839034,0.843075,0.745533
6M-3M,-0.049636,0.746900,0.758233,0.689064,0.727725,0.760796,0.748027,0.734038,0.691663,0.672469,1.000000,0.929135,0.765471,0.765132,0.753069,0.730270,0.710561,0.669535,0.650622,0.448480,0.453071,0.504939,0.565677,0.564217,0.560106,0.536823,0.528729,0.450698,0.505978,0.545762,0.531613,0.523400,0.500036,0.493758,0.320927,0.404108,0.398511,0.400814,0.397515,0.402021,0.432035,0.411446,0.408959,0.401169,0.404557,0.343932,0.371337,0.372826,0.381466,0.333939,0.362778,0.373770,0.361998,0.377822,0.353506
1Y-3M,-0.001112,0.723934,0.844110,0.871513,0.899493,0.873330,0.816253,0.770334,0.696782,0.663294,0.929135,1.000000,0.945072,0.925753,0.850072,0.784948,0.735479,0.666271,0.634493,0.747170,0.744939,0.757167,0.714054,0.652857,0.609034,0.548967,0.524766,0.736097,0.729541,0.644809,0.570809,0.526585,0.474024,0.455694,0.326429,0.356606,0.320063,0.305773,0.295089,0.297123,0.356510,0.305915,0.289964,0.280561,0.284144,0.202265,0.220474,0.233437,0.246818,0.200321,0.233225,0.248671,0.243279,0.261192,0.254036
2Y-3M,0.046536,0.628007,0.823260,0.938639,0.953923,0.878516,0.790552,0.718357,0.625714,0.583477,0.765471,0.945072,1.000000,0.965950,0.842846,0.749527,0.676318,0.590326,0.550940,0.908587,0.920450,0.896285,0.766892,0.662151,0.584630,0.499310,0.463862,0.916909,0.854149,0.666668,0.549653,0.474120,0.401525,0.374577,0.295148,0.276191,0.219218,0.187656,0.172300,0.172242,0.251891,0.183957,0.152366,0.143378,0.147089,0.064809,0.060774,0.084293,0.100983,0.045633,0.088040,0.107790,0.113870,0.131746,0.140372
3Y-3M,-0.077742,0.545004,0.740307,0.864317,0.946963,0.950760,0.898933,0.848125,0.774593,0.737834,0.765132,0.925753,0.965950,1.000000,0.945150,0.881661,0.825087,0.753536,0.717393,0.862496,0.873483,0.942107,0.895243,0.821949,0.759876,0.684770,0.649976,0.869987,0.933990,0.826518,0.733835,0.668436,0.600279,0.571584,0.532299,0.500748,0.444120,0.410350,0.390141,0.384993,0.458305,0.396139,0.363706,0.351241,0.349978,0.266996,0.267049,0.286229,0.296371,0.219342,0.277144,0.290464,0.302835,0.311677,0.285787
5Y-3M,-0.232044,0.432868,0.593646,0.697467,0.843913,0.966286,0.968826,0.956430,0.919188,0.896630,0.753069,0.850072,0.842846,0.945150,1.000000,0.983546,0.959389,0.917697,0.892643,0.701231,0.710259,0.874860,0.968550,0.948922,0.921331,0.873933,0.848248,0.707464,0.906294,0.950688,0.904389,0.866932,0.817782,0.794222,0.732546,0.750009,0.703297,0.677355,0.657956,0.650700,0.723479,0.666756,0.639790,0.624640,0.619336,0.521967,0.540334,0.555007,0.559295,0.463141,0.535415,0.542045,0.556096,0.557428,0.491078
7Y-3M,-0.281034,0.382470,0.512369,0.594459,0.766410,0.936410,0.974483,0.976926,0.960033,0.944329,0.730270,0.784948,0.749527,0.881661,0.983546,1.000000,0.988772,0.964977,0.945684,0.584787,0.594823,0.801622,0.956550,0.976065,0.962227,0.932736,0.912058,0.593732,0.852995,0.965160,0.956767,0.929602,0.893971,0.873216,0.803426,0.835319,0.810181,0.783182,0.766804,0.757919,0.812893,0.782538,0.751506,0.737812,0.729680,0.667471,0.666177,0.676487,0.674647,0.545659,0.638081,0.641080,0.667351,0.660218,0.569578
10Y-3M,-0.322229,0.339673,0.448494,0.512694,0.698141,0.900679,0.953167,0.980039,0.979848,0.973525,0.710561,0.735479,0.676318,0.825087,0.959389,0.988772,1.000000,0.990843,0.979849,0.500629,0.505369,0.736044,0.933726,0.968769,0.980896,0.966525,0.954156,0.502529,0.797411,0.959233,0.965110,0.963291,0.939982,0.926167,0.834045,0.882155,0.858459,0.850439,0.838499,0.833244,0.866729,0.835334,0.826399,0.815496,0.810392,0.714030,0.755752,0.763659,0.763623,0.664759,0.738638,0.739607,0.748191,0.745840,0.651345
20Y-3M,-0.340367,0.295599,0.380309,0.427098,0.622745,0.853031,0.924174,0.966636,0.986237,0.987128,0.669535,0.666271,0.590326,0.753536,0.917697,0.964977,0.990843,1.000000,0.995607,0.407079,0.411155,0.661490,0.896988,0.953073,0.981458,0.986102,0.979912,0.408955,0.733387,0.939482,0.966065,0.979224,0.972435,0.963348,0.851179,0.913386,0.899535,0.899643,0.896807,0.892953,0.904508,0.883440,0.882612,0.880193,0.875560,0.773530,0.825225,0.839804,0.837725,0.732367,0.817723,0.814679,0.830921,0.821485,0.707928
30Y-3M,-0.357634,0.269352,0.344208,0.384800,0.582049,0.822711,0.900066,0.951491,0.978605,0.988985,0.650622,0.634493,0.550940,0.717393,0.892643,0.945684,0.979849,0.995607,1.000000,0.364256,0.368077,0.622888,0.872738,0.935777,0.973742,0.985342,0.988576,0.366195,0.698042,0.921834,0.955415,0.978020,0.977184,0.977147,0.846580,0.917048,0.905975,0.913111,0.913034,0.916967,0.912720,0.893585,0.900505,0.900030,0.903682,0.785710,0.850593,0.864844,0.872921,0.767162,0.847162,0.855755,0.854641,0.863862,0.770948
1Y-6M,0.086535,0.407402,0.677537,0.868115,0.866256,0.743566,0.628543,0.542687,0.441056,0.394607,0.448480,0.747170,0.908587,0.862496,0.701231,0.584787,0.500629,0.407079,0.364256,1.000000,0.986353,0.922678,0.709278,0.563969,0.465422,0.362071,0.318119,0.969245,0.854027,0.577687,0.424235,0.332096,0.247035,0.214010,0.212205,0.135630,0.057356,0.018669,-0.001224,-0.004409,0.085200,-0.000097,-0.034185,-0.042914,-0.040343,-0.129296,-0.134540,-0.105879,-0.089064,-0.116030,-0.088330,-0.070752,-0.062625,-0.047767,-0.021356
2Y-6M,0.094621,0.416366,0.679988,0.881852,0.879542,0.754984,0.640874,0.549351,0.446741,0.399885,0.453071,0.744939,0.920450,0.873483,0.710259,0.594823,0.505369,0.411155,0.368077,0.986353,1.000000,0.935016,0.718858,0.574636,0.469733,0.365674,0.321479,0.996536,0.876008,0.592104,0.438583,0.338927,0.252545,0.219024,0.213963,0.137174,0.061643,0.016517,-0.002753,-0.005570,0.086546,0.004934,-0.037321,-0.045042,-0.041958,-0.119126,-0.141361,-0.109683,-0.091808,-0.139622,-0.098388,-0.077703,-0.062128,-0.046976,-0.020254
3Y-6M,-0.078370,0.341650,0.597564,0.799829,0.890488,0.878356,0.815528,0.754702,0.678195,0.638913,0.504939,0.757167,0.896285,0.942107,0.874860,0.801622,0.736044,0.661490,0.622888,0.922678,0.935016,1.000000,0.905544,0.808049,0.726977,0.638418,0.595989,0.931564,0.988577,0.823785,0.706905,0.623511,0.544310,0.509112,0.546452,0.460838,0.387839,0.341369,0.315995,0.306747,0.389397,0.316781,0.274598,0.261944,0.258487,0.178816,0.164615,0.189552,0.198648,0.120136,0.182606,0.194737,0.217452,0.221064,0.199020
5Y-6M,-0.272060,0.260072,0.457296,0.613578,0.782504,0.923373,0.931385,0.921139,0.890488,0.869474,0.565677,0.714054,0.766892,0.895243,0.968550,0.956550,0.933726,0.896988,0.872738,0.709278,0.718858,0.905544,1.000000,0.975951,0.942925,0.892324,0.863193,0.716251,0.944549,0.985145,0.932466,0.888626,0.835859,0.808705,0.796764,0.787194,0.730765,0.697380,0.674314,0.663515,0.743382,0.680075,0.647218,0.631176,0.623247,0.524136,0.536793,0.554620,0.556727,0.454187,0.533864,0.538017,0.560081,0.555765,0.481802
7Y-6M,-0.323840,0.224460,0.377840,0.499069,0.694572,0.889495,0.939573,0.946979,0.940053,0.927185,0.564217,0.652857,0.662151,0.821949,0.948922,0.976065,0.968769,0.953073,0.935777,0.563969,0.574636,0.808049,0.975951,1.000000,0.984586,0.956356,0.933942,0.574073,0.869804,0.992697,0.987057,0.956841,0.921218,0.898134,0.868809,0.880872,0.852275,0.818911,0.800169,0.787996,0.844879,0.814749,0.778037,0.763967,0.753061,0.697178,0.686890,0.698876,0.693902,0.553145,0.655660,0.655784,0.691281,0.677623,0.575822
10Y-6M,-0.365652,0.193417,0.318404,0.413113,0.620759,0.850072,0.915400,0.950904,0.962394,0.960257,0.560106,0.609034,0.584630,0.759876,0.921331,0.962227,0.980896,0.981458,0.973742,0.465422,0.469733,0.726977,0.942925,0.984586,1.000000,0.989517,0.977193,0.467046,0.798939,0.978461,0.989292,0.989421,0.968438,0.953909,0.893232,0.926876,0.900526,0.890446,0.877301,0.869869,0.900994,0.869724,0.859892,0.849208,0.842263,0.745572,0.787117,0.796015,0.793583,0.690327,0.769334,0.767437,0.780797,0.773655,0.669124
20Y-6M,-0.375507,0.168696,0.262380,0.330997,0.544577,0.798753,0.882417,0.933778,0.965519,0.970825,0.536823,0.548967,0.499310,0.684770,0.873933,0.932736,0.966525,0.986102,0.985342,0.362071,0.365674,0.638418,0.892324,0.956356,0.989517,1.000000,0.994779,0.363706,0.719850,0.945046,0.978406,0.995190,0.992704,0.983787,0.895037,0.947090,0.932609,0.932217,0.929733,0.924348,0.930759,0.911434,0.911049,0.910045,0.904024,0.801693,0.854281,0.870508,0.866214,0.757172,0.847675,0.841758,0.862840,0.848582,0.725037
30Y-6M,-0.389880,0.152814,0.234232,0.293331,0.506124,0.768551,0.857546,0.917801,0.956517,0.971928,0.528729,0.524766,0.463862,0.649976,0.848248,0.912058,0.954156,0.979912,0.988576,0.318119,0.321479,0.595989,0.863193,0.933942,0.977193,0.994779,1.000000,0.319847,0.679783,0.922021,0.962364,0.989259,0.992962,0.994166,0.882533,0.944787,0.933521,0.941040,0.941609,0.945111,0.934406,0.917106,0.925334,0.926349,0.929758,0.809933,0.877014,0.892647,0.899960,0.791185,0.874878,0.882301,0.883392,0.890558,0.791533
2Y-1Y,0.097725,0.416581,0.674183,0.879657,0.877144,0.752933,0.640465,0.547028,0.444986,0.398409,0.450698,0.736097,0.916909,0.869987,0.707464,0.593732,0.502529,0.408955,0.366195,0.969245,0.996536,0.931564,0.716251,0.574073,0.467046,0.363706,0.319847,1.000000,0.878038,0.593253,0.441287,0.338867,0.252713,0.219289,0.212636,0.136533,0.063169,0.015259,-0.003496,-0.006099,0.086329,0.007424,-0.038518,-0.045650,-0.042339,-0.112755,-0.143343,-0.110468,-0.092243,-0.150092,-0.102449,-0.080409,-0.061234,-0.046090,-0.019488
3Y-1Y,-0.139565,0.301719,0.541417,0.739826,0.862873,0.894463,0.854654,0.806145,0.742645,0.707801,0.505978,0.729541,0.854149,0.933990,0.906294,0.852995,0.797411,0.733387,0.698042,0.854027,0.876008,0.988577,0.944549,0.869804,0.798939,0.719850,0.679783,0.878038,1.000000,0.885674,0.787957,0.711454,0.637842,0.603260,0.654347,0.568765,0.500868,0.453291,0.426832,0.415600,0.492087,0.427452,0.383861,0.370201,0.364531,0.291806,0.274695,0.297138,0.302838,0.207448,0.280907,0.290403,0.317874,0.316940,0.276874
5Y-1Y,-0.336108,0.201899,0.364464,0.499000,0.695059,0.888063,0.925361,0.934412,0.923678,0.910661,0.545762,0.644809,0.666668,0.826518,0.950688,0.965160,0.959233,0.939482,0.921834,0.577687,0.592104,0.823785,0.985145,0.992697,0.978461,0.945046,0.922021,0.593253,0.885674,1.000000,0.976384,0.948066,0.907687,0.884290,0.870903,0.878476,0.832203,0.802969,0.781107,0.769379,0.840029,0.787503,0.757762,0.741312,0.731504,0.638411,0.654344,0.668005,0.666349,0.554183,0.639696,0.640222,0.663791,0.655173,0.563096
7Y-1Y,-0.371922,0.167020,0.282752,0.378679,0.593425,0.831001,0.908253,0.933048,0.945190,0.940099,0.531613,0.570809,0.549653,0.733835,0.904389,0.956767,0.965110,0.966065,0.955415,0.424235,0.438583,0.706905,0.932466,0.987057,0.989292,0.978406,0.962364,0.441287,0.787957,0.976384,1.000000,0.984760,0.962216,0.943315,0.911508,0.939608,0.923449,0.894376,0.877687,0.864957,0.909933,0.893457,0.859819,0.846086,0.833626,0.789621,0.779358,0.786936,0.778216,0.629102,0.736138,0.732861,0.770208,0.752345,0.635583
10Y-1Y,-0.403862,0.139349,0.228271,0.297966,0.519561,0.784052,0.872525,0.924435,0.953338,0.958674,0.523400,0.526585,0.474120,0.668436,0.866932,0.929602,0.963291,0.979224,0.978020,0.332096,0.338927,0.623511,0.888626,0.956841,0.989421,0.995190,0.989259,0.338867,0.711454,0.948066,0.984760,1.000000,0.991581,0.981510,0.917141,0.965548,0.950296,0.945895,0.935147,0.927748,0.946231,0.926887,0.921996,0.912041,0.904218,0.815754,0.860888,0.865673,0.860326,0.754705,0.834363,0.829460,0.842366,0.832319,0.716591
20Y-1Y,-0.401548,0.122668,0.185113,0.231792,0.454057,0.734152,0.836003,0.900500,0.946643,0.958167,0.500036,0.474024,0.401525,0.600279,0.817782,0.893971,0.939982,0.972435,0.977184,0.247035,0.252545,0.544310,0.835859,0.921218,0.968438,0.992704,0.992962,0.252713,0.637842,0.907687,0.962216,0.991581,1.000000,0.995002,0.902977,0.966993,0.962064,0.966660,0.966652,0.961466,0.956540,0.947483,0.951493,0.951578,0.944987,0.850116,0.905462,0.918623,0.911984,0.802119,0.892616,0.884192,0.905056,0.888313,0.756467
30Y-1Y,-0.411561,0.111105,0.164261,0.203473,0.422938,0.707290,0.812072,0.883923,0.935377,0.956540,0.493758,0.455694,0.374577,0.571584,0.794222,0.873216,0.926167,0.963348,0.977147,0.214010,0.219024,0.509112,0.808705,0.898134,0.953909,0.983787,0.994166,0.219289,0.603260,0.884290,0.943315,0.981510,0.995002,1.000000,0.885183,0.958039,0.955336,0.967484,0.970333,0.974304,0.953080,0.944959,0.957314,0.959353,0.962573,0.849230,0.918945,0.931791,0.937413,0.828404,0.911487,0.917135,0.917334,0.923028,0.817992
3Y-2Y,-0.439359,-0.042200,0.040166,0.120596,0.375792,0.636546,0.732973,0.781568,0.813151,0.815604,0.320927,0.326429,0.295148,0.532299,0.732546,0.803426,0.834045,0.851179,0.846580,0.212205,0.213963,0.546452,0.796764,0.868809,0.893232,0.895037,0.882533,0.212636,0.654347,0.870903,0.911508,0.917141,0.902977,0.885183,1.000000,0.945513,0.922807,0.901371,0.876982,0.858162,0.868284,0.860993,0.844586,0.827963,0.811156,0.773935,0.787329,0.781209,0.764049,0.660696,0.735398,0.719962,0.745753,0.719917,0.596083
5Y-2Y,-0.471608,0.001206,0.048365,0.091972,0.334729,0.645957,0.758605,0.825200,0.872554,0.884179,0.404108,0.356606,0.276191,0.500748,0.750009,0.835319,0.882155,0.913386,0.917048,0.135630,0.137174,0.460838,0.787194,0.880872,0.926876,0.947090,0.944787,0.136533,0.568765,0.878476,0.939608,0.965548,0.966993,0.958039,0.945513,1.000000,0.986600,0.979061,0.963289,0.950402,0.982486,0.964678,0.955347,0.939337,0.925303,0.852537,0.890298,0.887597,0.874742,0.771048,0.848001,0.835568,0.853190,0.833598,0.704501
7Y-2Y,-0.455420,0.007617,0.026177,0.044999,0.284903,0.602236,0.736243,0.803774,0.860911,0.875166,0.398511,0.320063,0.219218,0.444120,0.703297,0.810181,0.858459,0.899535,0.905975,0.057356,0.061643,0.387839,0.730765,0.852275,0.900526,0.932609,0.933521,0.063169,0.500868,0.832203,0.923449,0.950296,0.962064,0.955336,0.922807,0.986600,1.000000,0.988154,0.977612,0.964568,0.975064,0.990481,0.972716,0.960492,0.945220,0.926390,0.928056,0.922426,0.904934,0.763834,0.862502,0.849432,0.882769,0.856427,0.715195
10Y-2Y,-0.462913,0.004426,0.010088,0.013294,0.249663,0.573592,0.706406,0.793798,0.859707,0.881441,0.400814,0.305773,0.187656,0.410350,0.677355,0.783182,0.850439,0.899643,0.913111,0.018669,0.016517,0.341369,0.697380,0.818911,0.890446,0.932217,0.941040,0.015259,0.453291,0.802969,0.894376,0.945895,0.966660,0.967484,0.901371,0.979061,0.988154,1.000000,0.995045,0.988079,0.975847,0.982501,0.993148,0.985027,0.975571,0.905840,0.964355,0.958103,0.946135,0.853835,0.922063,0.909250,0.916353,0.900452,0.768287
20Y-2Y,-0.440883,0.016519,0.012876,0.006734,0.237120,0.559487,0.694522,0.785914,0.860613,0.884852,0.397515,0.295089,0.172300,0.390141,0.657956,0.766804,0.838499,0.896807,0.913034,-0.001224,-0.002753,0.315995,0.674314,0.800169,0.877301,0.929733,0.941609,-0.003496,0.426832,0.781107,0.877687,0.935147,0.966652,0.970333,0.876982,0.963289,0.977612,0.995045,1.000000,0.995329,0.965773,0.977298,0.993603,0.995578,0.987889,0.908474,0.973773,0.978674,0.966989,0.868750,0.949673,0.935132,0.951621,0.930307,0.786998
30Y-2Y,-0.444380,0.017705,0.012718,0.005473,0.230989,0.551104,0.684461,0.779674,0.855967,0.888411,0.402021,0.297123,0.172242,0.384993,0.650700,0.757919,0.833244,0.892953,0.916967,-0.004409,-0.005570,0.306747,0.663515,0.787996,0.869869,0.924348,0.945111,-0.006099,0.415600,0.769379,0.864957,0.927748,0.961466,0.974304,0.858162,0.950402,0.964568,0.988079,0.995329,1.000000,0.956909,0.966801,0.990070,0.993806,0.996343,0.896430,0.974943,0.980521,0.982076,0.883704,0.957859,0.958560,0.954338,0.956677,0.842882
5Y-3Y,-0.467099,0.025989,0.050702,0.071111,0.294927,0.619886,0.736332,0.809986,0.864060,0.880368,0.432035,0.356510,0.251891,0.458305,0.723479,0.812893,0.866729,0.904508,0.912720,0.085200,0.086546,0.389397,0.743382,0.844879,0.900994,0.930759,0.934406,0.086329,0.492087,0.840029,0.909933,0.946231,0.956540,0.953080,0.868284,0.982486,0.975064,0.975847,0.965773,0.956909,1.000000,0.977041,0.972213,0.957335,0.945570,0.856005,0.905873,0.905261,0.895496,0.796655,0.871150,0.861040,0.873129,0.858065,0.732242
7Y-3Y,-0.444263,0.025134,0.020208,0.016321,0.241861,0.567635,0.710098,0.781889,0.846036,0.863979,0.411446,0.305915,0.183957,0.396139,0.666756,0.782538,0.835334,0.883440,0.893585,-0.000097,0.004934,0.316781,0.680075,0.814749,0.869724,0.911434,0.917106,0.007424,0.427452,0.787503,0.893457,0.926887,0.947483,0.944959,0.860993,0.964678,0.990481,0.982501,0.977298,0.966801,0.977041,1.000000,0.982408,0.972210,0.958052,0.946492,0.943905,0.938660,0.921698,0.772346,0.875916,0.864177,0.898972,0.873428,0.731219
10Y-3Y,-0.453776,0.016861,0.001634,-0.016108,0.207269,0.537405,0.675593,0.770530,0.843497,0.869707,0.408959,0.289964,0.152366,0.363706,0.639790,0.751506,0.826399,0.882612,0.900505,-0.034185,-0.037321,0.274598,0.647218,0.778037,0.859892,0.911049,0.925334,-0.038518,0.383861,0.757762,0.859819,0.921996,0.951493,0.957314,0.844586,0.955347,0.972716,0.993148,0.993603,0.990070,0.972213,0.982408,1.000000,0.994445,0.987290,0.911119,0.979853,0.973775,0.963608,0.877380,0.941577,0.929901,0.931723,0.919036,0.789046
20Y-3Y,-0.428628,0.027528,0.007174,-0.015717,0.203259,0.528492,0.667231,0.764387,0.845389,0.873196,0.401169,0.280561,0.143378,0.351241,0.624640,0.737812,0.815496,0.880193,0.900030,-0.042914,-0.045042,0.261944,0.631176,0.763967,0.849208,0.910045,0.926349,-0.045650,0.370201,0.741312,0.846086,0.912041,0.951578,0.959353,0.827963,0.939337,0.960492,0.985027,0.995578,0.993806,0.957335,0.972210,0.994445,1.000000,0.994313,0.908911,0.982497,0.989413,0.979131,0.884689,0.964524,0.950573,0.964773,0.944951,0.801914
30Y-3Y,-0.433100,0.027193,0.007803,-0.013838,0.200590,0.521857,0.657725,0.758101,0.839756,0.876306,0.404557,0.284144,0.147089,0.349978,0.619336,0.729680,0.810392,0.875560,0.903682,-0.040343,-0.041958,0.258487,0.623247,0.753061,0.842263,0.904024,0.929758,-0.042339,0.364531,0.731504,0.833626,0.904218,0.944987,0.962573,0.811156,0.925303,0.945220,0.975571,0.987889,0.996343,0.945570,0.958052,0.987290,0.994313,1.000000,0.892377,0.979588,0.986961,0.991588,0.896727,0.968770,0.972137,0.963035,0.970000,0.860978
7Y-5Y,-0.370450,0.021619,-0.027770,-0.068116,0.140123,0.438373,0.607668,0.670298,0.744040,0.762877,0.343932,0.202265,0.064809,0.266996,0.521967,0.667471,0.714030,0.773530,0.785710,-0.129296,-0.119126,0.178816,0.524136,0.697178,0.745572,0.801693,0.809933,-0.112755,0.291806,0.638411,0.789621,0.815754,0.850116,0.849230,0.773935,0.852537,0.926390,0.905840,0.908474,0.896430,0.856005,0.946492,0.911119,0.908911,0.892377,1.000000,0.918184,0.906382,0.880018,0.667336,0.805804,0.792634,0.858753,0.819588,0.665113
10Y-5Y,-0.422510,0.008334,-0.040301,-0.089813,0.123394,0.443469,0.594146,0.703078,0.788963,0.822472,0.371337,0.220474,0.060774,0.267049,0.540334,0.666177,0.755752,0.825225,0.850593,-0.134540,-0.141361,0.164615,0.536793,0.686890,0.787117,0.854281,0.877014,-0.143343,0.274695,0.654344,0.779358,0.860888,0.905462,0.918945,0.787329,0.890298,0.928056,0.964355,0.973773,0.974943,0.905873,0.943905,0.979853,0.982497,0.979588,0.918184,1.000000,0.989525,0.979461,0.907775,0.960371,0.947870,0.940854,0.930751,0.802906
20Y-5Y,-0.395586,0.027420,-0.014915,-0.058819,0.150716,0.465675,0.611168,0.717017,0.808949,0.841641,0.372826,0.233437,0.084293,0.286229,0.555007,0.676487,0.763659,0.839804,0.864844,-0.105879,-0.109683,0.189552,0.554620,0.698876,0.796015,0.870508,0.892647,-0.110468,0.297138,0.668005,0.786936,0.865673,0.918623,0.931791,0.781209,0.887597,0.922426,0.958103,0.978674,0.980521,0.905261,0.938660,0.973775,0.989413,0.986961,0.906382,0.989525,1.000000,0.989787,0.900578,0.980539,0.965105,0.979910,0.958334,0.811231
30Y-5Y,-0.406558,0.026854,-0.009495,-0.047209,0.157037,0.467178,0.606687,0.714675,0.804845,0.848348,0.381466,0.246818,0.100983,0.296371,0.559295,0.674647,0.763623,0.837725,0.872921,-0.089064,-0.091808,0.198648,0.556727,0.693902,0.793583,0.866214,0.899960,-0.092243,0.302838,0.666349,0.778216,0.860326,0.911984,0.937413,0.764049,0.874742,0.904934,0.946135,0.966989,0.982076,0.895496,0.921698,0.963608,0.979131,0.991588,0.880018,0.979461,0.989787,1.000000,0.909573,0.978475,0.987102,0.969845,0.985363,0.886301
10Y-7Y,-0.402064,-0.007223,-0.046362,-0.096723,0.083612,0.369549,0.473564,0.612038,0.695421,0.738471,0.333939,0.200321,0.045633,0.219342,0.463141,0.545659,0.664759,0.732367,0.767162,-0.116030,-0.139622,0.120136,0.454187,0.553145,0.690327,0.757172,0.791185,-0.150092,0.207448,0.554183,0.629102,0.754705,0.802119,0.828404,0.660696,0.771048,0.763834,0.853835,0.868750,0.883704,0.796655,0.772346,0.877380,0.884689,0.896727,0.667336,0.907775,0.900578,0.909573,1.000000,0.952263,0.942709,0.859509,0.881986,0.805202
20Y-7Y,-0.382358,0.028389,-0.008002,-0.050795,0.146149,0.449041,0.574311,0.693580,0.788176,0.825248,0.362778,0.233225,0.088040,0.277144,0.535415,0.638081,0.738638,0.817723,0.847162,-0.088330,-0.098388,0.182606,0.533864,0.655660,0.769334,0.847675,0.874878,-0.102449,0.280907,0.639696,0.736138,0.834363,0.892616,0.911487,0.735398,0.848001,0.862502,0.922063,0.949673,0.957859,0.871150,0.875916,0.941577,0.964524,0.968770,0.805804,0.960371,0.980539,0.978475,0.952263,1.000000,0.984486,0.974512,0.962468,0.828055
30Y-7Y,-0.397042,0.027187,-0.002828,-0.037644,0.154362,0.451968,0.573996,0.691512,0.782409,0.831906,0.373770,0.248671,0.107790,0.290464,0.542045,0.641080,0.739607,0.814679,0.855755,-0.070752,-0.077703,0.194737,0.538017,0.655784,0.767437,0.841758,0.882301,-0.080409,0.290403,0.640222,0.732861,0.829460,0.884192,0.917135,0.719962,0.835568,0.849432,0.909250,0.935132,0.958560,0.861040,0.864177,0.929901,0.950573,0.972137,0.792634,0.947870,0.965105,0.987102,0.942709,0.984486,1.000000,0.955558,0.988681,0.913582
20Y-10Y,-0.344719,0.052839,0.020671,-0.013969,0.183252,0.480259,0.613561,0.711493,0.808600,0.839034,0.361998,0.243279,0.113870,0.302835,0.556096,0.667351,0.748191,0.830921,0.854641,-0.062625,-0.062128,0.217452,0.560081,0.691281,0.780797,0.862840,0.883392,-0.061234,0.317874,0.663791,0.770208,0.842366,0.905056,0.917334,0.745753,0.853190,0.882769,0.916353,0.951621,0.954338,0.873129,0.898972,0.931723,0.964773,0.963035,0.858753,0.940854,0.979910,0.969845,0.859509,0.974512,0.955558,1.000000,0.963318,0.794696
30Y-10Y,-0.380060,0.041653,0.016854,-0.009680,0.180455,0.472272,0.597875,0.701608,0.792515,0.843075,0.377822,0.261192,0.131746,0.311677,0.557428,0.660218,0.745840,0.821485,0.863862,-0.047767,-0.046976,0.221064,0.555765,0.677623,0.773655,0.848582,0.890558,-0.046090,0.316940,0.655173,0.752345,0.832319,0.888313,0.923028,0.719917,0.833598,0.856427,0.900452,0.930307,0.956677,0.858065,0.873428,0.919036,0.944951,0.970000,0.819588,0.930751,0.958334,0.985363,0.881986,0.962468,0.988681,0.963318,1.000000,0.928443
30Y-20Y,-0.382486,0.021073,0.009508,-0.002559,0.154508,0.403443,0.503023,0.602096,0.673299,0.745533,0.353506,0.254036,0.140372,0.285787,0.491078,0.569578,0.651345,0.707928,0.770948,-0.021356,-0.020254,0.199020,0.481802,0.575822,0.669124,0.725037,0.791533,-0.019488,0.276874,0.563096,0.635583,0.716591,0.756467,0.817992,0.596083,0.704501,0.715195,0.768287,0.786998,0.842882,0.732242,0.731219,0.789046,0.801914,0.860978,0.665113,0.802906,0.811231,0.886301,0.805202,0.828055,0.913582,0.794696,0.928443,1.000000
