,3M-1M,6M-1M,1Y-1M,2Y-1M,3Y-1M,5Y-1M,7Y-1M,10Y-1M,20Y-1M,30Y-1M,6M-3M,1Y-3M,2Y-3M,3Y-3M,5Y-3M,7Y-3M,10Y-3M,20Y-3M,30Y-3M,1Y-6M,2Y-6M,3Y-6M,5Y-6M,7Y-6M,10Y-6M,20Y-6M,30Y-6M,2Y-1Y,3Y-1Y,5Y-1Y,7Y-1Y,10Y-1Y,20Y-1Y,30Y-1Y,3Y-2Y,5Y-2Y,7Y-2Y,10Y-2Y,20Y-2Y,30Y-2Y,5Y-3Y,7Y-3Y,10Y-3Y,20Y-3Y,30Y-3Y,7Y-5Y,10Y-5Y,20Y-5Y,30Y-5Y,10Y-7Y,20Y-7Y,30Y-7Y,20Y-10Y,30Y-10Y,30Y-20Y
3M-1M,1.000000,0.974658,0.969400,0.952371,0.953298,0.917989,0.886485,0.817361,0.695354,0.676173,0.112631,0.300590,0.473124,0.562001,0.139844,-0.070988,-0.285438,-0.442672,-0.463839,0.629742,0.624043,0.712425,0.135414,-0.189915,-0.436800,-0.569247,-0.588303,0.618058,0.730841,-0.095917,-0.393972,-0.553234,-0.634691,-0.649157,0.691248,-0.628896,-0.669497,-0.690368,-0.712598,-0.721058,-0.767163,-0.759928,-0.751711,-0.755900,-0.761648,-0.685058,-0.700096,-0.722356,-0.731708,-0.707999,-0.733123,-0.743779,-0.746972,-0.759337,-0.592398
6M-1M,0.974658,1.000000,0.998090,0.985774,0.985614,0.971980,0.953201,0.902214,0.800664,0.784829,0.332055,0.499884,0.627367,0.702419,0.329175,0.123042,-0.102592,-0.278071,-0.300822,0.687104,0.678056,0.759906,0.262580,-0.050611,-0.307852,-0.454345,-0.474212,0.670163,0.773834,0.038457,-0.264099,-0.439205,-0.532863,-0.547944,0.699963,-0.539518,-0.586443,-0.611684,-0.636932,-0.645324,-0.695932,-0.687978,-0.680198,-0.685414,-0.691019,-0.617592,-0.632090,-0.654849,-0.663897,-0.639923,-0.665840,-0.676179,-0.681158,-0.693225,-0.544821
1Y-1M,0.969400,0.998090,1.000000,0.994138,0.993544,0.980816,0.960776,0.907724,0.803741,0.787657,0.345743,0.525526,0.663508,0.734907,0.362552,0.149791,-0.084775,-0.267343,-0.290707,0.730673,0.721568,0.796192,0.305971,-0.019477,-0.291307,-0.446629,-0.467158,0.713422,0.806790,0.074223,-0.244494,-0.431911,-0.531684,-0.547191,0.699910,-0.541076,-0.592948,-0.620800,-0.646958,-0.655354,-0.697209,-0.693761,-0.688638,-0.694885,-0.700500,-0.631266,-0.645827,-0.667979,-0.676863,-0.653640,-0.678728,-0.688846,-0.693167,-0.704865,-0.551033
2Y-1M,0.952371,0.985774,0.994138,1.000000,0.998649,0.986465,0.963851,0.906862,0.798638,0.782107,0.362843,0.561767,0.719243,0.783775,0.413302,0.190167,-0.058195,-0.251397,-0.275636,0.797839,0.791947,0.853154,0.375063,0.030082,-0.264906,-0.433959,-0.455471,0.785005,0.858981,0.132101,-0.212617,-0.419794,-0.529123,-0.545250,0.693586,-0.544958,-0.604194,-0.635844,-0.663017,-0.671345,-0.698202,-0.702289,-0.701557,-0.709311,-0.714896,-0.653076,-0.667625,-0.688443,-0.696991,-0.675320,-0.698640,-0.708315,-0.711288,-0.722291,-0.559604
3Y-1M,0.953298,0.985614,0.993544,0.998649,1.000000,0.986051,0.964060,0.907926,0.800448,0.783663,0.358220,0.556246,0.713226,0.785575,0.410272,0.188779,-0.057951,-0.250354,-0.274950,0.792625,0.786620,0.858837,0.373960,0.031285,-0.262190,-0.431004,-0.453006,0.779650,0.868612,0.132918,-0.209747,-0.416092,-0.525552,-0.542176,0.730085,-0.539524,-0.598858,-0.630791,-0.658527,-0.667330,-0.706582,-0.706158,-0.702783,-0.709413,-0.715304,-0.648267,-0.663056,-0.684491,-0.693667,-0.670955,-0.695008,-0.705503,-0.708345,-0.720734,-0.565633
5Y-1M,0.917989,0.971980,0.980816,0.986465,0.986051,1.000000,0.993502,0.959996,0.878805,0.865077,0.446543,0.629166,0.758472,0.819711,0.521083,0.322218,0.086757,-0.106323,-0.131965,0.793617,0.782870,0.846511,0.482038,0.172163,-0.115988,-0.292068,-0.315676,0.773610,0.851553,0.267195,-0.060936,-0.273828,-0.392683,-0.410989,0.696935,-0.400098,-0.468324,-0.507446,-0.540876,-0.550987,-0.578945,-0.582005,-0.583103,-0.594255,-0.601440,-0.540614,-0.555996,-0.579709,-0.590317,-0.564876,-0.591621,-0.604089,-0.608518,-0.624626,-0.517774
7Y-1M,0.886485,0.953201,0.960776,0.963851,0.964060,0.993502,1.000000,0.985465,0.926914,0.915793,0.495971,0.660491,0.764915,0.824028,0.572658,0.398660,0.180953,-0.005019,-0.030751,0.765461,0.752197,0.818847,0.525360,0.253708,-0.016646,-0.189646,-0.213781,0.741868,0.824549,0.333020,0.034004,-0.171320,-0.290619,-0.309680,0.689462,-0.306928,-0.370042,-0.408863,-0.443573,-0.454449,-0.498840,-0.492658,-0.490529,-0.501389,-0.509269,-0.441355,-0.458267,-0.484042,-0.495831,-0.468789,-0.497577,-0.511653,-0.517350,-0.536560,-0.472341
10Y-1M,0.817361,0.902214,0.907724,0.906862,0.907926,0.959996,0.985465,1.000000,0.976667,0.969748,0.560968,0.693939,0.757758,0.811916,0.637765,0.504321,0.318852,0.147630,0.122396,0.704992,0.688205,0.757485,0.577865,0.368818,0.132594,-0.031801,-0.056099,0.676488,0.763914,0.423870,0.174372,-0.013642,-0.130891,-0.150582,0.660725,-0.159735,-0.214805,-0.251356,-0.287283,-0.299005,-0.366305,-0.347535,-0.339903,-0.350233,-0.358931,-0.284623,-0.301012,-0.329380,-0.342595,-0.311919,-0.344201,-0.360323,-0.368811,-0.392041,-0.392300
20Y-1M,0.695354,0.800664,0.803741,0.798638,0.800448,0.878805,0.926914,0.976667,1.000000,0.999037,0.624358,0.712783,0.723065,0.767532,0.697623,0.619908,0.480755,0.336604,0.313409,0.604312,0.583845,0.651898,0.623089,0.500297,0.314500,0.169928,0.146894,0.570873,0.658326,0.522548,0.344386,0.184014,0.076578,0.057375,0.593973,0.029982,-0.012564,-0.045531,-0.078991,-0.090843,-0.184979,-0.151543,-0.138343,-0.145394,-0.154350,-0.077281,-0.093765,-0.120633,-0.134523,-0.105772,-0.135689,-0.153009,-0.160587,-0.187243,-0.267219
30Y-1M,0.676173,0.784829,0.787657,0.782107,0.783663,0.865077,0.915793,0.969748,0.999037,1.000000,0.634901,0.716772,0.719007,0.760860,0.704627,0.633951,0.500800,0.360535,0.339059,0.590155,0.569080,0.635335,0.625758,0.514223,0.335627,0.194542,0.173427,0.555888,0.641155,0.531824,0.363464,0.207470,0.102160,0.084693,0.578674,0.052178,0.011817,-0.020237,-0.052807,-0.063223,-0.161118,-0.126202,-0.112425,-0.118821,-0.126463,-0.051245,-0.067550,-0.093718,-0.105761,-0.079552,-0.108556,-0.123473,-0.132955,-0.155615,-0.224684
6M-3M,0.112631,0.332055,0.345743,0.362843,0.358220,0.446543,0.495971,0.560968,0.624358,0.634901,1.000000,0.952917,0.791661,0.750270,0.872463,0.845855,0.747887,0.631436,0.619634,0.396606,0.380449,0.371337,0.595341,0.575993,0.474394,0.382178,0.374287,0.370622,0.355550,0.575264,0.488149,0.381907,0.309369,0.303380,0.194381,0.255374,0.218138,0.194034,0.175616,0.174015,0.143631,0.148456,0.148362,0.142857,0.142200,0.145398,0.144407,0.137181,0.136424,0.142941,0.133760,0.132767,0.124121,0.122656,0.077923
1Y-3M,0.300590,0.499884,0.525526,0.561767,0.556246,0.629166,0.660491,0.693939,0.712783,0.716772,0.952917,1.000000,0.938133,0.907511,0.923913,0.827981,0.659870,0.495489,0.478074,0.656295,0.640669,0.624295,0.719443,0.582514,0.382034,0.237603,0.223885,0.629763,0.601645,0.620782,0.415483,0.239288,0.133960,0.123850,0.323618,0.077384,0.016565,-0.019308,-0.043899,-0.047198,-0.050026,-0.061705,-0.070278,-0.080031,-0.081923,-0.078374,-0.082833,-0.091745,-0.093852,-0.085796,-0.096197,-0.098574,-0.104293,-0.106891,-0.087787
2Y-3M,0.473124,0.627367,0.663508,0.719243,0.713226,0.758472,0.764915,0.757758,0.723065,0.719007,0.791661,0.938133,1.000000,0.983946,0.875440,0.711136,0.482192,0.282251,0.260448,0.870241,0.866204,0.841673,0.775061,0.519598,0.229844,0.043200,0.024465,0.859784,0.816550,0.600177,0.283335,0.047639,-0.082633,-0.096264,0.428921,-0.141585,-0.220218,-0.264103,-0.291962,-0.296746,-0.269296,-0.297586,-0.314194,-0.327053,-0.330090,-0.325987,-0.333760,-0.343187,-0.346575,-0.337985,-0.348116,-0.351789,-0.353103,-0.356720,-0.267049
3Y-3M,0.562001,0.702419,0.734907,0.783775,0.785575,0.819711,0.824028,0.811916,0.767532,0.760860,0.750270,0.907511,0.983946,1.000000,0.837067,0.662419,0.426071,0.221281,0.197288,0.880528,0.875756,0.892462,0.746702,0.474753,0.176836,-0.014132,-0.035347,0.868929,0.881503,0.560510,0.232716,-0.006098,-0.138985,-0.154874,0.583250,-0.189121,-0.268435,-0.313127,-0.343543,-0.350318,-0.363358,-0.377019,-0.384610,-0.394187,-0.398541,-0.371865,-0.381558,-0.394655,-0.400624,-0.386998,-0.401398,-0.408308,-0.409551,-0.418148,-0.335395
5Y-3M,0.139844,0.329175,0.362552,0.413302,0.410272,0.521083,0.572658,0.637765,0.697623,0.704627,0.872463,0.923913,0.875440,0.837067,1.000000,0.957226,0.830872,0.687194,0.668731,0.626141,0.611574,0.580260,0.912054,0.838531,0.650429,0.495854,0.477923,0.601334,0.553216,0.873502,0.695708,0.506933,0.385492,0.370921,0.252398,0.354508,0.271548,0.218793,0.183169,0.176133,0.205551,0.182342,0.161917,0.143089,0.137520,0.124555,0.118513,0.107218,0.100859,0.113354,0.100647,0.092453,0.088268,0.074659,-0.017828
7Y-3M,-0.070988,0.123042,0.149791,0.190167,0.188779,0.322218,0.398660,0.504321,0.619908,0.633951,0.845855,0.827981,0.711136,0.662419,0.957226,1.000000,0.955733,0.866475,0.852960,0.401927,0.384630,0.353139,0.864055,0.923247,0.829776,0.719359,0.705101,0.374227,0.328932,0.907919,0.854076,0.727126,0.631409,0.618991,0.116217,0.584768,0.529190,0.486874,0.456111,0.449436,0.445121,0.444107,0.432412,0.417305,0.411713,0.406315,0.399662,0.388219,0.381342,0.392644,0.380383,0.371159,0.365209,0.348306,0.155889
10Y-3M,-0.285438,-0.102592,-0.084775,-0.058195,-0.057951,0.086757,0.180953,0.318852,0.480755,0.500800,0.747887,0.659870,0.482192,0.426071,0.830872,0.955733,1.000000,0.973840,0.966686,0.136759,0.118208,0.088058,0.738516,0.925972,0.939168,0.883586,0.874514,0.108563,0.068455,0.862912,0.938207,0.887450,0.826412,0.817454,-0.038065,0.768895,0.744079,0.717612,0.694417,0.688836,0.652731,0.672052,0.671229,0.660937,0.655924,0.653536,0.651011,0.640442,0.633844,0.645869,0.633500,0.624211,0.615345,0.597043,0.321975
20Y-3M,-0.442672,-0.278071,-0.267343,-0.251397,-0.250354,-0.106323,-0.005019,0.147630,0.336604,0.360535,0.631436,0.495489,0.282251,0.221281,0.687194,0.866475,0.973840,1.000000,0.998794,-0.071128,-0.089198,-0.120091,0.600003,0.873061,0.964727,0.957885,0.954113,-0.097542,-0.136201,0.777661,0.945900,0.954479,0.927161,0.922156,-0.164616,0.861430,0.861544,0.847758,0.835135,0.831433,0.774389,0.806628,0.812331,0.809022,0.805379,0.801185,0.800321,0.795966,0.790888,0.795696,0.791286,0.783640,0.778368,0.761310,0.442790
30Y-3M,-0.463839,-0.300822,-0.290707,-0.275636,-0.274950,-0.131965,-0.030751,0.122396,0.313409,0.339059,0.619634,0.478074,0.260448,0.197288,0.668731,0.852960,0.966686,0.998794,1.000000,-0.094483,-0.112548,-0.145734,0.579550,0.860851,0.961346,0.960819,0.959760,-0.120769,-0.162251,0.761987,0.940131,0.955916,0.933297,0.930767,-0.186826,0.865795,0.869106,0.857214,0.846434,0.844712,0.785867,0.818615,0.824689,0.822347,0.820498,0.813146,0.812741,0.809701,0.807161,0.808401,0.805606,0.801275,0.793952,0.782492,0.486270
1Y-6M,0.629742,0.687104,0.730673,0.797839,0.792625,0.793617,0.765461,0.704992,0.604312,0.590155,0.396606,0.656295,0.870241,0.880528,0.626141,0.401927,0.136759,-0.071128,-0.094483,1.000000,0.992896,0.965997,0.696675,0.330285,-0.023842,-0.231632,-0.253526,0.984331,0.936710,0.447949,0.043196,-0.225855,-0.364231,-0.379936,0.496048,-0.401155,-0.492625,-0.541250,-0.569871,-0.575873,-0.508831,-0.556193,-0.581914,-0.597742,-0.601837,-0.599047,-0.610082,-0.619082,-0.623576,-0.615403,-0.624047,-0.628773,-0.624573,-0.628791,-0.459653
2Y-6M,0.624043,0.678056,0.721568,0.791947,0.786620,0.782870,0.752197,0.688205,0.583845,0.569080,0.380449,0.640669,0.866204,0.875756,0.611574,0.384630,0.118208,-0.089198,-0.112548,0.992896,1.000000,0.970321,0.686283,0.315416,-0.040084,-0.247184,-0.269088,0.998319,0.945203,0.437983,0.029634,-0.240243,-0.378106,-0.393841,0.490272,-0.423180,-0.511751,-0.558464,-0.585571,-0.591503,-0.525102,-0.571871,-0.596933,-0.611895,-0.615956,-0.612359,-0.623315,-0.631674,-0.636183,-0.628511,-0.636338,-0.641085,-0.636002,-0.640279,-0.467960
3Y-6M,0.712425,0.759906,0.796192,0.853154,0.858837,0.846511,0.818847,0.757485,0.651898,0.635335,0.371337,0.624295,0.841673,0.892462,0.580260,0.353139,0.088058,-0.120091,-0.145734,0.965997,0.970321,1.000000,0.642444,0.273719,-0.075352,-0.280625,-0.305036,0.967438,0.995380,0.394654,-0.006260,-0.269158,-0.406289,-0.424517,0.686486,-0.439857,-0.525838,-0.572156,-0.602306,-0.610729,-0.608309,-0.630787,-0.641383,-0.651078,-0.656744,-0.621462,-0.634399,-0.647861,-0.655728,-0.641039,-0.654998,-0.664025,-0.659870,-0.670944,-0.524202
5Y-6M,0.135414,0.262580,0.305971,0.375063,0.373960,0.482038,0.525360,0.577865,0.623089,0.625758,0.595341,0.719443,0.775061,0.746702,0.912054,0.864055,0.738516,0.600003,0.579550,0.696675,0.686283,0.642444,1.000000,0.895351,0.671335,0.494569,0.471709,0.677692,0.611226,0.953461,0.734238,0.513012,0.374212,0.355281,0.251873,0.368578,0.263424,0.196913,0.153796,0.143570,0.217434,0.175226,0.141724,0.115385,0.106781,0.082781,0.073679,0.061172,0.051351,0.066426,0.053237,0.040598,0.040973,0.019827,-0.094700
7Y-6M,-0.189915,-0.050611,-0.019477,0.030082,0.031285,0.172163,0.253708,0.368818,0.500297,0.514223,0.575993,0.582514,0.519598,0.474753,0.838531,0.923247,0.925972,0.873061,0.860851,0.330285,0.315416,0.273719,0.895351,1.000000,0.929934,0.827142,0.810976,0.306551,0.247993,0.977033,0.957267,0.839240,0.744802,0.730085,0.038094,0.712216,0.653864,0.606375,0.572498,0.563420,0.578692,0.573664,0.555809,0.536623,0.528525,0.517950,0.508467,0.496137,0.486143,0.498769,0.486592,0.473171,0.470281,0.445433,0.182774
10Y-6M,-0.436800,-0.307852,-0.291307,-0.264906,-0.262190,-0.115988,-0.016646,0.132594,0.314500,0.335627,0.474394,0.382034,0.229844,0.176836,0.650429,0.829776,0.939168,0.964727,0.961346,-0.023842,-0.040084,-0.075352,0.671335,0.929934,1.000000,0.974005,0.966057,-0.047790,-0.093180,0.846686,0.991610,0.979269,0.935856,0.927075,-0.151050,0.887517,0.873875,0.851248,0.830017,0.823445,0.791285,0.814411,0.813369,0.802568,0.796261,0.791439,0.788603,0.778327,0.769968,0.782543,0.770890,0.759086,0.751802,0.728289,0.386661
20Y-6M,-0.569247,-0.454345,-0.446629,-0.433959,-0.431004,-0.292068,-0.189646,-0.031801,0.169928,0.194542,0.382178,0.237603,0.043200,-0.014132,0.495854,0.719359,0.883586,0.957885,0.960819,-0.231632,-0.247184,-0.280625,0.494569,0.827142,0.974005,1.000000,0.998427,-0.253488,-0.293978,0.713722,0.946475,0.996041,0.990348,0.986601,-0.268157,0.932010,0.945935,0.938432,0.930210,0.926391,0.869663,0.906295,0.913126,0.911221,0.907123,0.900941,0.900278,0.897764,0.891993,0.895309,0.893454,0.884709,0.881629,0.861843,0.498823
30Y-6M,-0.588303,-0.474212,-0.467158,-0.455471,-0.453006,-0.315676,-0.213781,-0.056099,0.146894,0.173427,0.374287,0.223885,0.024465,-0.035347,0.477923,0.705101,0.874514,0.954113,0.959760,-0.253526,-0.269088,-0.305036,0.471709,0.810976,0.966057,0.998427,1.000000,-0.275285,-0.318902,0.694434,0.936071,0.992732,0.991962,0.991115,-0.290273,0.931529,0.948763,0.943338,0.937191,0.935729,0.877078,0.914041,0.921252,0.920453,0.918504,0.908674,0.908550,0.907544,0.904814,0.903947,0.903930,0.899168,0.893610,0.880594,0.546626
2Y-1Y,0.618058,0.670163,0.713422,0.785005,0.779650,0.773610,0.741868,0.676488,0.570873,0.555888,0.370622,0.629763,0.859784,0.868929,0.601334,0.374227,0.108563,-0.097542,-0.120769,0.984331,0.998319,0.967438,0.677692,0.306551,-0.047790,-0.253488,-0.275285,1.000000,0.944480,0.430877,0.022875,-0.246016,-0.382922,-0.398589,0.484938,-0.431733,-0.518436,-0.563979,-0.590209,-0.596076,-0.530328,-0.576568,-0.601180,-0.615644,-0.619666,-0.615695,-0.626556,-0.634560,-0.639054,-0.631665,-0.639054,-0.643786,-0.638300,-0.642583,-0.469601
3Y-1Y,0.730841,0.773834,0.806790,0.858981,0.868612,0.851553,0.824549,0.763914,0.658326,0.641155,0.355550,0.601645,0.816550,0.881503,0.553216,0.328932,0.068455,-0.136201,-0.162251,0.936710,0.945203,0.995380,0.611226,0.247993,-0.093180,-0.293978,-0.318902,0.944480,1.000000,0.368057,-0.024516,-0.280596,-0.414900,-0.433750,0.745363,-0.446643,-0.529102,-0.573765,-0.603962,-0.613139,-0.634757,-0.647607,-0.652405,-0.659655,-0.665806,-0.619067,-0.632488,-0.647375,-0.656358,-0.639503,-0.655195,-0.665663,-0.661596,-0.675025,-0.539130
5Y-1Y,-0.095917,0.038457,0.074223,0.132101,0.132918,0.267195,0.333020,0.423870,0.522548,0.531824,0.575264,0.620782,0.600177,0.560510,0.873502,0.907919,0.862912,0.777661,0.761987,0.447949,0.437983,0.394654,0.953461,0.977033,0.846686,0.713722,0.694434,0.430877,0.368057,1.000000,0.896905,0.734279,0.619456,0.602463,0.105415,0.627953,0.535347,0.472893,0.431187,0.420966,0.484843,0.452146,0.421204,0.395031,0.386029,0.354946,0.348240,0.336435,0.326085,0.341437,0.328634,0.314869,0.313571,0.288990,0.075169
7Y-1Y,-0.393972,-0.264099,-0.244494,-0.212617,-0.209747,-0.060936,0.034004,0.174372,0.344386,0.363464,0.488149,0.415483,0.283335,0.232716,0.695708,0.854076,0.938207,0.945900,0.940131,0.043196,0.029634,-0.006260,0.734238,0.957267,0.991610,0.946475,0.936071,0.022875,-0.024516,0.896905,1.000000,0.957510,0.899948,0.889183,-0.111667,0.876771,0.843033,0.807667,0.780578,0.772809,0.768433,0.777622,0.766604,0.751146,0.743830,0.731781,0.725125,0.714832,0.705630,0.716490,0.706250,0.693493,0.689147,0.664137,0.334298
10Y-1Y,-0.553234,-0.439205,-0.431911,-0.419794,-0.416092,-0.273828,-0.171320,-0.013642,0.184014,0.207470,0.381907,0.239288,0.047639,-0.006098,0.506933,0.727126,0.887450,0.954479,0.955916,-0.225855,-0.240243,-0.269158,0.513012,0.839240,0.979269,0.996041,0.992732,-0.246016,-0.280596,0.734279,0.957510,1.000000,0.985735,0.980360,-0.247699,0.946114,0.951354,0.939157,0.924269,0.919081,0.874158,0.906290,0.910486,0.903169,0.897852,0.892589,0.892061,0.883871,0.876637,0.887234,0.877631,0.867085,0.859137,0.837079,0.469912
20Y-1Y,-0.634691,-0.532863,-0.531684,-0.529123,-0.525552,-0.392683,-0.290619,-0.130891,0.076578,0.102160,0.309369,0.133960,-0.082633,-0.138985,0.385492,0.631409,0.826412,0.927161,0.933297,-0.364231,-0.378106,-0.406289,0.374212,0.744802,0.935856,0.990348,0.991962,-0.382922,-0.414900,0.619456,0.899948,0.985735,1.000000,0.998650,-0.327395,0.949412,0.975775,0.975520,0.971726,0.968925,0.905065,0.946883,0.957087,0.957518,0.954179,0.947863,0.948801,0.947676,0.942792,0.944802,0.944257,0.936559,0.933012,0.914671,0.543036
30Y-1Y,-0.649157,-0.547944,-0.547191,-0.545250,-0.542176,-0.410989,-0.309680,-0.150582,0.057375,0.084693,0.303380,0.123850,-0.096264,-0.154874,0.370921,0.618991,0.817454,0.922156,0.930767,-0.379936,-0.393841,-0.424517,0.355281,0.730085,0.927075,0.986601,0.991115,-0.398589,-0.433750,0.602463,0.889183,0.980360,0.998650,1.000000,-0.345781,0.945938,0.974996,0.976493,0.974551,0.973979,0.908675,0.950533,0.960965,0.962378,0.961077,0.951294,0.952692,0.952967,0.950975,0.949022,0.950194,0.946291,0.940398,0.928532,0.585916
3Y-2Y,0.691248,0.699963,0.699910,0.693586,0.730085,0.696935,0.689462,0.660725,0.593973,0.578674,0.194381,0.323618,0.428921,0.583250,0.252398,0.116217,-0.038065,-0.164616,-0.186826,0.496048,0.490272,0.686486,0.251873,0.038094,-0.151050,-0.268157,-0.290273,0.484938,0.745363,0.105415,-0.111667,-0.247699,-0.327395,-0.345781,1.000000,-0.312850,-0.356411,-0.382885,-0.410042,-0.422562,-0.613506,-0.553887,-0.516720,-0.506670,-0.514882,-0.398535,-0.412218,-0.435603,-0.450397,-0.420526,-0.447302,-0.465564,-0.465871,-0.492923,-0.482189
5Y-2Y,-0.628896,-0.539518,-0.541076,-0.544958,-0.539524,-0.400098,-0.306928,-0.159735,0.029982,0.052178,0.255374,0.077384,-0.141585,-0.189121,0.354508,0.584768,0.768895,0.861430,0.865795,-0.401155,-0.423180,-0.439857,0.368578,0.712216,0.887517,0.932010,0.931529,-0.431733,-0.446643,0.627953,0.876771,0.946114,0.949412,0.945938,-0.312850,1.000000,0.982210,0.959061,0.939995,0.934839,0.941985,0.949181,0.939479,0.925792,0.920263,0.885769,0.888433,0.883536,0.877066,0.886039,0.879614,0.869936,0.863907,0.843031,0.480125
7Y-2Y,-0.669497,-0.586443,-0.592948,-0.604194,-0.598858,-0.468324,-0.370042,-0.214805,-0.012564,0.011817,0.218138,0.016565,-0.220218,-0.268435,0.271548,0.529190,0.744079,0.861544,0.869106,-0.492625,-0.511751,-0.525838,0.263424,0.653864,0.873875,0.945935,0.948763,-0.518436,-0.529102,0.535347,0.843033,0.951354,0.975775,0.974996,-0.356411,0.982210,1.000000,0.994252,0.985193,0.981705,0.942589,0.975326,0.979144,0.973703,0.969609,0.957167,0.957317,0.952819,0.947366,0.952679,0.947896,0.939530,0.932861,0.913774,0.538585
10Y-2Y,-0.690368,-0.611684,-0.620800,-0.635844,-0.630791,-0.507446,-0.408863,-0.251356,-0.045531,-0.020237,0.194034,-0.019308,-0.264103,-0.313127,0.218793,0.486874,0.717612,0.847758,0.857214,-0.541250,-0.558464,-0.572156,0.196913,0.606375,0.851248,0.938432,0.943338,-0.563979,-0.573765,0.472893,0.807667,0.939157,0.975520,0.976493,-0.382885,0.959061,0.994252,1.000000,0.996611,0.994270,0.932698,0.976459,0.988756,0.987648,0.984544,0.978652,0.982051,0.977910,0.973339,0.979749,0.974186,0.966879,0.958163,0.940888,0.566770
20Y-2Y,-0.712598,-0.636932,-0.646958,-0.663017,-0.658527,-0.540876,-0.443573,-0.287283,-0.078991,-0.052807,0.175616,-0.043899,-0.291962,-0.343543,0.183169,0.456111,0.694417,0.835135,0.846434,-0.569871,-0.585571,-0.602306,0.153796,0.572498,0.830017,0.930210,0.937191,-0.590209,-0.603962,0.431187,0.780578,0.924269,0.971726,0.974551,-0.410042,0.939995,0.985193,0.996611,1.000000,0.999052,0.926443,0.974804,0.990011,0.994085,0.992195,0.985661,0.989257,0.990319,0.987200,0.987067,0.988480,0.982963,0.978461,0.963528,0.594561
30Y-2Y,-0.721058,-0.645324,-0.655354,-0.671345,-0.667330,-0.550987,-0.454449,-0.299005,-0.090843,-0.063223,0.174015,-0.047198,-0.296746,-0.350318,0.176133,0.449436,0.688836,0.831433,0.844712,-0.575873,-0.591503,-0.610729,0.143570,0.563420,0.823445,0.926391,0.935729,-0.596076,-0.613139,0.420966,0.772809,0.919081,0.968925,0.973979,-0.422562,0.934839,0.981705,0.994270,0.999052,1.000000,0.926580,0.974653,0.989868,0.994680,0.994534,0.984988,0.988897,0.991115,0.990481,0.986946,0.989798,0.987550,0.981035,0.971705,0.629005
5Y-3Y,-0.767163,-0.695932,-0.697209,-0.698202,-0.706582,-0.578945,-0.498840,-0.366305,-0.184979,-0.161118,0.143631,-0.050026,-0.269296,-0.363358,0.205551,0.445121,0.652731,0.774389,0.785867,-0.508831,-0.525102,-0.608309,0.217434,0.578692,0.791285,0.869663,0.877078,-0.530328,-0.634757,0.484843,0.768433,0.874158,0.905065,0.908675,-0.613506,0.941985,0.942589,0.932698,0.926443,0.926580,1.000000,0.984914,0.963713,0.948782,0.947087,0.877291,0.884341,0.888535,0.888383,0.885287,0.889407,0.887814,0.882910,0.875114,0.569592
7Y-3Y,-0.759928,-0.687978,-0.693761,-0.702289,-0.706158,-0.582005,-0.492658,-0.347535,-0.151543,-0.126202,0.148456,-0.061705,-0.297586,-0.377019,0.182342,0.444107,0.672052,0.806628,0.818615,-0.556193,-0.571871,-0.630787,0.175226,0.573664,0.814411,0.906295,0.914041,-0.576568,-0.647607,0.452146,0.777622,0.906290,0.946883,0.950533,-0.553887,0.949181,0.975326,0.976459,0.974804,0.974653,0.984914,1.000000,0.994620,0.987397,0.985689,0.947110,0.950477,0.951995,0.950631,0.948308,0.950372,0.947232,0.941362,0.930745,0.593873
10Y-3Y,-0.751711,-0.680198,-0.688638,-0.701557,-0.702783,-0.583103,-0.490529,-0.339903,-0.138343,-0.112425,0.148362,-0.070278,-0.314194,-0.384610,0.161917,0.432412,0.671229,0.812331,0.824689,-0.581914,-0.596933,-0.641383,0.141724,0.555809,0.813369,0.913126,0.921252,-0.601180,-0.652405,0.421204,0.766604,0.910486,0.957087,0.960965,-0.516720,0.939479,0.979144,0.988756,0.990011,0.989868,0.963713,0.994620,1.000000,0.997346,0.995798,0.971505,0.976870,0.976818,0.974976,0.976081,0.975260,0.971444,0.963416,0.951785,0.603323
20Y-3Y,-0.755900,-0.685414,-0.694885,-0.709311,-0.709413,-0.594255,-0.501389,-0.350233,-0.145394,-0.118821,0.142857,-0.080031,-0.327053,-0.394187,0.143089,0.417305,0.660937,0.809022,0.822347,-0.597742,-0.611895,-0.651078,0.115385,0.536623,0.802568,0.911221,0.920453,-0.615644,-0.659655,0.395031,0.751146,0.903169,0.957518,0.962378,-0.506670,0.925792,0.973703,0.987648,0.994085,0.994680,0.948782,0.987397,0.997346,1.000000,0.999191,0.979161,0.984189,0.987978,0.986791,0.983109,0.987633,0.984592,0.980373,0.969479,0.619431
30Y-3Y,-0.761648,-0.691019,-0.700500,-0.714896,-0.715304,-0.601440,-0.509269,-0.358931,-0.154350,-0.126463,0.142200,-0.081923,-0.330090,-0.398541,0.137520,0.411713,0.655924,0.805379,0.820498,-0.601837,-0.615956,-0.656744,0.106781,0.528525,0.796261,0.907123,0.918504,-0.619666,-0.665806,0.386029,0.743830,0.897852,0.954179,0.961077,-0.514882,0.920263,0.969609,0.984544,0.992195,0.994534,0.947087,0.985689,0.995798,0.999191,1.000000,0.977567,0.982841,0.987633,0.988738,0.981952,0.987735,0.987712,0.981586,0.975877,0.650496
7Y-5Y,-0.685058,-0.617592,-0.631266,-0.653076,-0.648267,-0.540614,-0.441355,-0.284623,-0.077281,-0.051245,0.145398,-0.078374,-0.325987,-0.371865,0.124555,0.406315,0.653536,0.801185,0.813146,-0.599047,-0.612359,-0.621462,0.082781,0.517950,0.791439,0.900941,0.908674,-0.615695,-0.619067,0.354946,0.731781,0.892589,0.947863,0.951294,-0.398535,0.885769,0.957167,0.978652,0.985661,0.984988,0.877291,0.947110,0.971505,0.979161,0.977567,1.000000,0.996265,0.992696,0.989195,0.988493,0.986576,0.980822,0.973635,0.958647,0.590879
10Y-5Y,-0.700096,-0.632090,-0.645827,-0.667625,-0.663056,-0.555996,-0.458267,-0.301012,-0.093765,-0.067550,0.144407,-0.082833,-0.333760,-0.381558,0.118513,0.399662,0.651011,0.800321,0.812741,-0.610082,-0.623315,-0.634399,0.073679,0.508467,0.788603,0.900278,0.908550,-0.626556,-0.632488,0.348240,0.725125,0.892061,0.948801,0.952692,-0.412218,0.888433,0.957317,0.982051,0.989257,0.988897,0.884341,0.950477,0.976870,0.984189,0.982841,0.996265,1.000000,0.996549,0.993450,0.997863,0.993125,0.987727,0.977616,0.963520,0.598851
20Y-5Y,-0.722356,-0.654849,-0.667979,-0.688443,-0.684491,-0.579709,-0.484042,-0.329380,-0.120633,-0.093718,0.137181,-0.091745,-0.343187,-0.394655,0.107218,0.388219,0.640442,0.795966,0.809701,-0.619082,-0.631674,-0.647861,0.061172,0.496137,0.778327,0.897764,0.907544,-0.634560,-0.647375,0.336435,0.714832,0.883871,0.947676,0.952967,-0.435603,0.883536,0.952819,0.977910,0.990319,0.991115,0.888535,0.951995,0.976818,0.987978,0.987633,0.992696,0.996549,1.000000,0.998350,0.994518,0.999071,0.995434,0.991707,0.979701,0.620847
30Y-5Y,-0.731708,-0.663897,-0.676863,-0.696991,-0.693667,-0.590317,-0.495831,-0.342595,-0.134523,-0.105761,0.136424,-0.093852,-0.346575,-0.400624,0.100859,0.381342,0.633844,0.790888,0.807161,-0.623576,-0.636183,-0.655728,0.051351,0.486143,0.769968,0.891993,0.904814,-0.639054,-0.656358,0.326085,0.705630,0.876637,0.942792,0.950975,-0.450397,0.877066,0.947366,0.973339,0.987200,0.990481,0.888383,0.950631,0.974976,0.986791,0.988738,0.989195,0.993450,0.998350,1.000000,0.991738,0.998088,0.998799,0.992322,0.987792,0.664844
10Y-7Y,-0.707999,-0.639923,-0.653640,-0.675320,-0.670955,-0.564876,-0.468789,-0.311919,-0.105772,-0.079552,0.142941,-0.085796,-0.337985,-0.386998,0.113354,0.392644,0.645869,0.795696,0.808401,-0.615403,-0.628511,-0.641039,0.066426,0.498769,0.782543,0.895309,0.903947,-0.631665,-0.639503,0.341437,0.716490,0.887234,0.944802,0.949022,-0.420526,0.886039,0.952679,0.979749,0.987067,0.986946,0.885287,0.948308,0.976081,0.983109,0.981952,0.988493,0.997863,0.994518,0.991738,1.000000,0.993151,0.988050,0.975776,0.962426,0.601910
20Y-7Y,-0.733123,-0.665840,-0.678728,-0.698640,-0.695008,-0.591621,-0.497577,-0.344201,-0.135689,-0.108556,0.133760,-0.096197,-0.348116,-0.401398,0.100647,0.380383,0.633500,0.791286,0.805606,-0.624047,-0.636338,-0.654998,0.053237,0.486592,0.770890,0.893454,0.903930,-0.639054,-0.655195,0.328634,0.706250,0.877631,0.944257,0.950194,-0.447302,0.879614,0.947896,0.974186,0.988480,0.989798,0.889407,0.950372,0.975260,0.987633,0.987735,0.986576,0.993125,0.999071,0.998088,0.993151,1.000000,0.997132,0.994653,0.983755,0.629355
30Y-7Y,-0.743779,-0.676179,-0.688846,-0.708315,-0.705503,-0.604089,-0.511653,-0.360323,-0.153009,-0.123473,0.132767,-0.098574,-0.351789,-0.408308,0.092453,0.371159,0.624211,0.783640,0.801275,-0.628773,-0.641085,-0.664025,0.040598,0.473171,0.759086,0.884709,0.899168,-0.643786,-0.665663,0.314869,0.693493,0.867085,0.936559,0.946291,-0.465564,0.869936,0.939530,0.966879,0.982963,0.987550,0.887814,0.947232,0.971444,0.984592,0.987712,0.980822,0.987727,0.995434,0.998799,0.988050,0.997132,1.000000,0.993792,0.992779,0.686366
20Y-10Y,-0.746972,-0.681158,-0.693167,-0.711288,-0.708345,-0.608518,-0.517350,-0.368811,-0.160587,-0.132955,0.124121,-0.104293,-0.353103,-0.409551,0.088268,0.365209,0.615345,0.778368,0.793952,-0.624573,-0.636002,-0.659870,0.040973,0.470281,0.751802,0.881629,0.893610,-0.638300,-0.661596,0.313571,0.689147,0.859137,0.933012,0.940398,-0.465871,0.863907,0.932861,0.958163,0.978461,0.981035,0.882910,0.941362,0.963416,0.980373,0.981586,0.973635,0.977616,0.991707,0.992322,0.975776,0.994653,0.993792,1.000000,0.991394,0.646438
30Y-10Y,-0.759337,-0.693225,-0.704865,-0.722291,-0.720734,-0.624626,-0.536560,-0.392041,-0.187243,-0.155615,0.122656,-0.106891,-0.356720,-0.418148,0.074659,0.348306,0.597043,0.761310,0.782492,-0.628791,-0.640279,-0.670944,0.019827,0.445433,0.728289,0.861843,0.880594,-0.642583,-0.675025,0.288990,0.664137,0.837079,0.914671,0.928532,-0.492923,0.843031,0.913774,0.940888,0.963528,0.971705,0.875114,0.930745,0.951785,0.969479,0.975877,0.958647,0.963520,0.979701,0.987792,0.962426,0.983755,0.992779,0.991394,1.000000,0.740755
30Y-20Y,-0.592398,-0.544821,-0.551033,-0.559604,-0.565633,-0.517774,-0.472341,-0.392300,-0.267219,-0.224684,0.077923,-0.087787,-0.267049,-0.335395,-0.017828,0.155889,0.321975,0.442790,0.486270,-0.459653,-0.467960,-0.524202,-0.094700,0.182774,0.386661,0.498823,0.546626,-0.469601,-0.539130,0.075169,0.334298,0.469912,0.543036,0.585916,-0.482189,0.480125,0.538585,0.566770,0.594561,0.629005,0.569592,0.593873,0.603323,0.619431,0.650496,0.590879,0.598851,0.620847,0.664844,0.601910,0.629355,0.686366,0.646438,0.740755,1.000000
