,3M-1M,6M-1M,1Y-1M,2Y-1M,3Y-1M,5Y-1M,7Y-1M,10Y-1M,20Y-1M,30Y-1M,6M-3M,1Y-3M,2Y-3M,3Y-3M,5Y-3M,7Y-3M,10Y-3M,20Y-3M,30Y-3M,1Y-6M,2Y-6M,3Y-6M,5Y-6M,7Y-6M,10Y-6M,20Y-6M,30Y-6M,2Y-1Y,3Y-1Y,5Y-1Y,7Y-1Y,10Y-1Y,20Y-1Y,30Y-1Y,3Y-2Y,5Y-2Y,7Y-2Y,10Y-2Y,20Y-2Y,30Y-2Y,5Y-3Y,7Y-3Y,10Y-3Y,20Y-3Y,30Y-3Y,7Y-5Y,10Y-5Y,20Y-5Y,30Y-5Y,10Y-7Y,20Y-7Y,30Y-7Y,20Y-10Y,30Y-10Y,30Y-20Y
3M-1M,1.000000,0.877198,0.730206,0.684246,0.599092,0.270199,0.340916,0.538636,0.404122,0.342677,0.447862,0.291353,0.482153,0.451152,0.110881,0.184015,0.253540,0.183956,0.102368,0.057766,0.408167,0.395252,-0.024803,0.051465,0.150602,0.007839,-0.088066,0.543025,0.477000,-0.022954,0.058688,0.215398,-0.010729,-0.102827,0.201233,-0.438837,-0.431928,-0.151577,-0.428224,-0.410646,-0.627747,-0.604319,-0.211144,-0.539611,-0.500085,0.178477,0.229089,-0.054439,-0.149728,0.249752,-0.166076,-0.247871,-0.200846,-0.196954,-0.317066
6M-1M,0.877198,1.000000,0.906515,0.826948,0.816032,0.603954,0.664777,0.593905,0.708375,0.636882,0.777233,0.574002,0.653163,0.657235,0.391328,0.437536,0.399233,0.421846,0.321851,0.085914,0.478306,0.514089,0.153942,0.213100,0.190419,0.116110,-0.026942,0.581949,0.578242,0.147346,0.204877,0.232042,0.070571,-0.063578,0.324097,-0.336087,-0.318266,-0.224898,-0.417303,-0.436786,-0.566961,-0.535969,-0.331424,-0.577173,-0.568336,0.129137,0.088436,-0.221405,-0.336406,0.053955,-0.364717,-0.429840,-0.151671,-0.208204,-0.447355
1Y-1M,0.730206,0.906515,1.000000,1.000000,0.993396,0.713247,0.779324,1.000000,0.687051,0.487860,0.652569,0.797751,0.794005,0.776867,0.547346,0.572918,0.659401,0.483842,0.321387,0.462046,0.704227,0.706506,0.380734,0.420547,0.513841,0.249970,0.028751,0.618822,0.593389,0.196824,0.240419,0.429231,-0.000634,-0.201263,0.181556,-0.393033,-0.367011,-0.051251,-0.566828,-0.609543,-0.566582,-0.513152,-0.130976,-0.680203,-0.708951,0.131119,0.284695,-0.419868,-0.580214,0.252031,-0.626421,-0.678581,-0.508778,-0.547565,-0.648264
2Y-1M,0.684246,0.826948,1.000000,1.000000,1.000000,0.928684,0.925636,1.000000,0.805708,0.620342,0.574189,0.692996,0.863813,0.859012,0.653452,0.646085,0.718194,0.539205,0.365825,0.403287,0.823927,0.839943,0.541097,0.540159,0.607814,0.357122,0.121035,0.776080,0.757204,0.389382,0.385529,0.552188,0.126772,-0.090756,0.219496,-0.364320,-0.374577,-0.081721,-0.609237,-0.656056,-0.552405,-0.539547,-0.178696,-0.741424,-0.772130,0.004757,0.230192,-0.554072,-0.702292,0.217310,-0.717212,-0.754924,-0.532002,-0.588279,-0.689563
3Y-1M,0.599092,0.816032,0.993396,1.000000,1.000000,1.000000,1.000000,1.000000,0.967868,0.840709,0.595178,0.670131,0.854673,0.888725,0.737571,0.722466,0.716522,0.634600,0.489465,0.341661,0.803044,0.864895,0.624382,0.619642,0.593513,0.457852,0.243685,0.767787,0.803952,0.505535,0.491192,0.552904,0.249543,0.047965,0.352174,-0.244252,-0.238891,-0.095470,-0.495666,-0.552642,-0.473146,-0.451063,-0.243963,-0.671174,-0.703002,-0.008591,0.120237,-0.549076,-0.677766,0.068135,-0.714529,-0.728725,-0.404485,-0.485520,-0.631145
5Y-1M,0.270199,0.603954,0.713247,0.928684,1.000000,1.000000,1.000000,0.721574,1.000000,1.000000,0.540093,0.602066,0.769504,0.828430,0.893626,0.851553,0.660901,0.805651,0.717087,0.303422,0.721771,0.814573,0.838369,0.797984,0.558077,0.694109,0.534582,0.696101,0.766995,0.739142,0.693760,0.507203,0.496021,0.324356,0.428768,0.126582,0.139000,-0.062201,-0.184243,-0.274033,-0.068174,-0.074900,-0.229223,-0.374612,-0.435067,-0.075461,-0.172169,-0.566479,-0.634920,-0.246923,-0.689006,-0.651939,-0.126479,-0.245014,-0.491995
7Y-1M,0.340916,0.664777,0.779324,0.925636,1.000000,1.000000,1.000000,0.766475,1.000000,1.000000,0.565544,0.629227,0.770781,0.831798,0.871714,0.852483,0.677824,0.807270,0.719877,0.314027,0.712386,0.807872,0.800154,0.788277,0.566646,0.682621,0.523407,0.682251,0.757481,0.696484,0.680070,0.516358,0.479822,0.309173,0.444275,0.096176,0.141259,-0.027260,-0.182744,-0.272596,-0.111984,-0.080623,-0.203206,-0.378902,-0.437991,0.015023,-0.111923,-0.515272,-0.596816,-0.215397,-0.689118,-0.653107,-0.148994,-0.259210,-0.494968
10Y-1M,0.538636,0.593905,1.000000,1.000000,1.000000,0.721574,0.766475,1.000000,0.544787,0.275136,0.353261,0.661080,0.776200,0.757826,0.583248,0.586594,0.826670,0.435535,0.242602,0.543092,0.809086,0.800024,0.545931,0.556583,0.799899,0.342844,0.091667,0.661430,0.627591,0.315457,0.329575,0.697418,0.039380,-0.187367,0.079504,-0.381502,-0.349814,0.213431,-0.616042,-0.670624,-0.502445,-0.435706,0.138466,-0.690561,-0.742013,0.118175,0.494204,-0.539484,-0.710316,0.478962,-0.775922,-0.799063,-0.834526,-0.831356,-0.716573
20Y-1M,0.404122,0.708375,0.687051,0.805708,0.967868,1.000000,1.000000,0.544787,1.000000,1.000000,0.586226,0.567293,0.705644,0.777584,0.815992,0.808625,0.577178,0.807388,0.750494,0.221868,0.623282,0.733155,0.727312,0.728714,0.448716,0.674058,0.550171,0.640256,0.728903,0.669019,0.666288,0.428811,0.522671,0.379421,0.507584,0.142555,0.191939,-0.075934,-0.083290,-0.168775,-0.087193,-0.057589,-0.267401,-0.298660,-0.347522,0.033867,-0.193985,-0.401777,-0.469173,-0.303873,-0.553849,-0.529337,0.018065,-0.103326,-0.401908
30Y-1M,0.342677,0.636882,0.487860,0.620342,0.840709,1.000000,1.000000,0.275136,1.000000,1.000000,0.542221,0.452880,0.598070,0.686739,0.772254,0.767180,0.460812,0.800949,0.792390,0.119550,0.509253,0.638863,0.695845,0.698065,0.336409,0.690032,0.622427,0.562570,0.674852,0.685504,0.681513,0.340909,0.590605,0.493938,0.566452,0.259134,0.314780,-0.101260,0.064706,-0.013262,0.024617,0.049408,-0.306976,-0.163750,-0.199906,0.028841,-0.313492,-0.313425,-0.337929,-0.436519,-0.438265,-0.391285,0.201400,0.077456,-0.251037
6M-3M,0.447862,0.777233,0.652569,0.574189,0.595178,0.540093,0.565544,0.353261,0.586226,0.542221,1.000000,0.656665,0.741745,0.730731,0.579152,0.620259,0.520924,0.593992,0.501901,-0.334246,0.432411,0.406230,0.102514,0.242158,0.099033,0.100113,-0.099952,0.592723,0.582564,0.309986,0.381493,0.289387,0.240001,0.085626,-0.099058,-0.443455,-0.307285,-0.426618,-0.422270,-0.456212,-0.502445,-0.299889,-0.395939,-0.437784,-0.482855,0.289656,0.043567,-0.141157,-0.327023,-0.245170,-0.456045,-0.494875,-0.067659,-0.229641,-0.470378
1Y-3M,0.291353,0.574002,0.797751,0.692996,0.670131,0.602066,0.629227,0.661080,0.567293,0.452880,0.656665,1.000000,0.520514,0.567631,0.506740,0.388162,0.366282,0.264046,0.209625,0.547699,0.356435,0.404168,0.247924,0.165491,0.111561,-0.044281,-0.160042,0.183235,0.201411,-0.011962,-0.034348,-0.059601,-0.267888,-0.400647,0.213089,-0.163568,-0.313020,-0.292862,-0.475820,-0.426871,-0.299144,-0.427276,-0.397597,-0.579242,-0.515873,-0.213906,-0.205346,-0.615364,-0.551981,-0.079394,-0.558483,-0.437688,-0.325736,-0.301167,-0.245328
2Y-3M,0.482153,0.653163,0.794005,0.863813,0.854673,0.769504,0.770781,0.776200,0.705644,0.598070,0.741745,0.520514,1.000000,1.000000,0.890014,0.928131,0.903946,0.819475,0.589419,-0.131123,0.985940,0.949256,0.672215,0.773018,0.704402,0.563274,0.209722,1.000000,0.981993,0.739944,0.766640,0.752863,0.533839,0.245595,-0.388278,-0.679463,-0.409845,-0.478780,-0.669927,-0.787045,-0.652319,-0.276818,-0.341357,-0.600513,-0.760409,0.536347,0.262454,-0.241300,-0.636815,-0.221843,-0.810199,-0.902585,-0.443440,-0.711123,-0.901425
3Y-3M,0.451152,0.657235,0.776867,0.859012,0.888725,0.828430,0.831798,0.757826,0.777584,0.686739,0.730731,0.567631,1.000000,1.000000,0.914176,0.921144,0.876491,0.802317,0.579676,-0.092216,0.953911,0.961911,0.697777,0.765989,0.671489,0.546178,0.199786,0.945093,0.968489,0.741708,0.748000,0.693166,0.508810,0.219944,-0.246375,-0.620373,-0.393029,-0.507865,-0.657635,-0.765029,-0.645391,-0.312048,-0.427769,-0.631550,-0.772383,0.455468,0.183654,-0.314307,-0.673402,-0.246578,-0.827130,-0.890542,-0.454532,-0.705363,-0.856422
5Y-3M,0.110881,0.391328,0.547346,0.653452,0.737571,0.893626,0.871714,0.583248,0.815992,0.772254,0.579152,0.506740,0.890014,0.914176,1.000000,0.978583,0.889371,0.896330,0.746007,-0.061719,0.846739,0.868494,0.878840,0.894751,0.743708,0.729771,0.456325,0.796689,0.834999,0.880596,0.838637,0.709037,0.649223,0.420893,-0.254104,-0.296130,-0.019725,-0.305625,-0.355695,-0.503007,-0.247536,0.088441,-0.213914,-0.302545,-0.484549,0.469515,0.044215,-0.234639,-0.562866,-0.445112,-0.743001,-0.776764,-0.280454,-0.554340,-0.727774
7Y-3M,0.184015,0.437536,0.572918,0.646085,0.722466,0.851553,0.852483,0.586594,0.808625,0.767180,0.620259,0.388162,0.928131,0.921144,0.978583,1.000000,0.946491,0.994276,0.848092,-0.190949,0.877374,0.865144,0.832488,0.948901,0.802430,0.831614,0.559953,0.894403,0.908156,0.919847,0.950943,0.841118,0.795450,0.575288,-0.341957,-0.354557,0.034473,-0.210131,-0.284180,-0.453097,-0.283833,0.174011,-0.081534,-0.209404,-0.417965,0.654448,0.243941,-0.040100,-0.430313,-0.373634,-0.686853,-0.763764,-0.237813,-0.524136,-0.755406
10Y-3M,0.253540,0.399233,0.659401,0.718194,0.716522,0.660901,0.677824,0.826670,0.577178,0.460812,0.520924,0.366282,0.903946,0.876491,0.889371,0.946491,1.000000,0.909195,0.769793,-0.146020,0.888992,0.846282,0.763146,0.882018,0.941806,0.773141,0.510830,0.870667,0.849891,0.812480,0.842360,0.960391,0.700001,0.501738,-0.452421,-0.483834,-0.067279,-0.025154,-0.346020,-0.509587,-0.377889,0.115130,0.136826,-0.222021,-0.432711,0.728236,0.517256,0.069073,-0.356946,-0.095732,-0.609874,-0.724233,-0.435782,-0.675643,-0.775918
20Y-3M,0.183956,0.421846,0.483842,0.539205,0.634600,0.805651,0.807270,0.435535,0.807388,0.800949,0.593992,0.264046,0.819475,0.802317,0.896330,0.994276,0.909195,1.000000,0.986398,-0.276279,0.755288,0.733095,0.758886,0.918545,0.780700,0.919906,0.738279,0.828153,0.833334,0.899969,0.962499,0.865408,0.909013,0.769515,-0.301733,-0.221670,0.217495,-0.007566,-0.034142,-0.212038,-0.144241,0.339319,0.114371,0.036774,-0.173240,0.709918,0.327627,0.213059,-0.160137,-0.314915,-0.432016,-0.546178,-0.035571,-0.304499,-0.597906
30Y-3M,0.102368,0.321851,0.321387,0.365825,0.489465,0.717087,0.719877,0.242602,0.750494,0.792390,0.501901,0.209625,0.589419,0.579676,0.746007,0.848092,0.769793,0.986398,1.000000,-0.243599,0.510606,0.495977,0.628678,0.786451,0.662312,0.893115,0.866462,0.597201,0.601772,0.758121,0.831253,0.742886,0.872499,0.861736,-0.167020,0.020732,0.441254,0.232190,0.253549,0.108664,0.087833,0.510713,0.309991,0.298716,0.138718,0.626362,0.311289,0.383468,0.135677,-0.262981,-0.152566,-0.230829,0.173586,-0.004242,-0.274723
1Y-6M,0.057766,0.085914,0.462046,0.403287,0.341661,0.303422,0.314027,0.543092,0.221868,0.119550,-0.334246,0.547699,-0.131123,-0.092216,-0.061719,-0.190949,-0.146020,-0.276279,-0.243599,1.000000,-0.010526,0.067575,0.171212,-0.049389,0.029002,-0.110560,-0.010343,-0.340430,-0.325245,-0.369327,-0.444343,-0.350842,-0.576004,-0.554272,0.553176,0.383109,0.022137,0.261379,-0.058355,0.031152,0.206190,-0.238035,0.041313,-0.246964,-0.106368,-0.632674,-0.262205,-0.622286,-0.312340,0.292897,-0.162495,-0.004957,-0.239959,-0.002068,0.184116
2Y-6M,0.408167,0.478306,0.704227,0.823927,0.803044,0.721771,0.712386,0.809086,0.623282,0.509253,0.432411,0.356435,0.985940,0.953911,0.846739,0.877374,0.888992,0.755288,0.510606,-0.010526,1.000000,0.998922,0.788834,0.851846,0.829374,0.655270,0.306403,0.982954,0.962451,0.779389,0.781673,0.804245,0.555300,0.266371,-0.430368,-0.642811,-0.370113,-0.402481,-0.642623,-0.772972,-0.586137,-0.213058,-0.247213,-0.552943,-0.730604,0.535154,0.305765,-0.238655,-0.645607,-0.162980,-0.802875,-0.900911,-0.518262,-0.776595,-0.910784
3Y-6M,0.395252,0.514089,0.706506,0.839943,0.864895,0.814573,0.807872,0.800024,0.733155,0.638863,0.406230,0.404168,0.949256,0.961911,0.868494,0.865144,0.846282,0.733095,0.495977,0.067575,0.998922,1.000000,0.834208,0.851040,0.799180,0.645931,0.311200,0.919623,0.951361,0.779963,0.756829,0.728457,0.522230,0.233941,-0.227464,-0.550439,-0.336115,-0.420341,-0.618886,-0.738912,-0.568226,-0.260378,-0.341351,-0.594116,-0.746943,0.426398,0.209438,-0.336536,-0.693796,-0.173475,-0.821710,-0.886848,-0.532556,-0.760955,-0.859143
5Y-6M,-0.024803,0.153942,0.380734,0.541097,0.624382,0.838369,0.800154,0.545931,0.727312,0.695845,0.102514,0.247924,0.672215,0.697777,0.878840,0.832488,0.763146,0.758886,0.628678,0.171212,0.788834,0.834208,1.000000,0.947872,0.846325,0.838142,0.634213,0.656333,0.700486,0.873416,0.789132,0.684035,0.637948,0.453954,-0.171600,-0.063708,0.176927,-0.084861,-0.174331,-0.334999,-0.003573,0.252364,-0.009136,-0.135647,-0.322902,0.380523,0.027956,-0.223060,-0.499514,-0.353596,-0.634645,-0.661705,-0.283149,-0.501091,-0.623643
7Y-6M,0.051465,0.213100,0.420547,0.540159,0.619642,0.797984,0.788277,0.556583,0.728714,0.698065,0.242158,0.165491,0.773018,0.765989,0.894751,0.948901,0.882018,0.918545,0.786451,-0.049389,0.851846,0.851040,0.947872,1.000000,0.911257,0.951958,0.725365,0.806319,0.824593,0.948275,0.956460,0.866657,0.834646,0.644658,-0.325836,-0.199307,0.193632,-0.035265,-0.137143,-0.323139,-0.102621,0.334319,0.094378,-0.056527,-0.280650,0.633758,0.270296,0.005899,-0.366018,-0.312442,-0.608652,-0.685039,-0.244354,-0.501940,-0.687293
10Y-6M,0.150602,0.190419,0.513841,0.607814,0.593513,0.558077,0.566646,0.799899,0.448716,0.336409,0.099033,0.111561,0.704402,0.671489,0.743708,0.802430,0.941806,0.780700,0.662312,0.029002,0.829374,0.799180,0.846325,0.911257,1.000000,0.859980,0.662878,0.747676,0.724814,0.785628,0.790638,0.957380,0.693365,0.540508,-0.415781,-0.313555,0.093555,0.193412,-0.183384,-0.358693,-0.187248,0.261656,0.357340,-0.059286,-0.277054,0.691370,0.574585,0.136071,-0.258079,0.038616,-0.482977,-0.602296,-0.461705,-0.642224,-0.679934
20Y-6M,0.007839,0.116110,0.249970,0.357122,0.457852,0.694109,0.682621,0.342844,0.674058,0.690032,0.100113,-0.044281,0.563274,0.546178,0.729771,0.831614,0.773141,0.919906,0.893115,-0.110560,0.655270,0.645931,0.838142,0.951958,0.859980,1.000000,0.940000,0.661068,0.671416,0.883050,0.924277,0.855224,0.937070,0.858616,-0.252018,0.010633,0.439109,0.249453,0.203933,0.014536,0.114524,0.551390,0.360214,0.275094,0.059099,0.652126,0.359005,0.308740,-0.014838,-0.209758,-0.259311,-0.372380,0.005600,-0.209448,-0.442494
30Y-6M,-0.088066,-0.026942,0.028751,0.121035,0.243685,0.534582,0.523407,0.091667,0.550171,0.622427,-0.099952,-0.160042,0.209722,0.199786,0.456325,0.559953,0.510830,0.738279,0.866462,-0.010343,0.306403,0.311200,0.634213,0.725365,0.662878,0.940000,1.000000,0.319811,0.328085,0.635509,0.683724,0.632268,0.812202,0.896256,-0.038549,0.341243,0.699091,0.555387,0.557114,0.419649,0.416628,0.722349,0.596913,0.579624,0.441302,0.475007,0.311593,0.476824,0.339156,-0.094532,0.108657,0.044598,0.249996,0.175174,-0.013990
2Y-1Y,0.543025,0.581949,0.618822,0.776080,0.767787,0.696101,0.682251,0.661430,0.640256,0.562570,0.592723,0.183235,1.000000,0.945093,0.796689,0.894403,0.870667,0.828153,0.597201,-0.340430,0.982954,0.919623,0.656333,0.806319,0.747676,0.661068,0.319811,1.000000,1.000000,0.830350,0.884159,0.880385,0.715013,0.442543,-0.455789,-0.667802,-0.318014,-0.380903,-0.558002,-0.706482,-0.610586,-0.166708,-0.202589,-0.467468,-0.662167,0.654769,0.375539,-0.049830,-0.500340,-0.192716,-0.690202,-0.839193,-0.353518,-0.650894,-0.907182
3Y-1Y,0.477000,0.578242,0.593389,0.757204,0.803952,0.766995,0.757481,0.627591,0.728903,0.674852,0.582564,0.201411,0.981993,0.968489,0.834999,0.908156,0.849891,0.833334,0.601772,-0.325245,0.962451,0.951361,0.700486,0.824593,0.724814,0.671416,0.328085,1.000000,1.000000,0.866197,0.898916,0.837426,0.723564,0.445244,-0.312791,-0.612981,-0.297333,-0.425767,-0.539227,-0.683409,-0.611163,-0.194184,-0.307599,-0.494398,-0.676397,0.590439,0.302777,-0.117725,-0.543822,-0.222093,-0.717263,-0.842156,-0.365578,-0.653775,-0.878183
5Y-1Y,-0.022954,0.147346,0.196824,0.389382,0.505535,0.739142,0.696484,0.315457,0.669019,0.685504,0.309986,-0.011962,0.739944,0.741708,0.880596,0.919847,0.812480,0.899969,0.758121,-0.369327,0.779389,0.779963,0.873416,0.948275,0.785628,0.883050,0.635509,0.830350,0.866197,1.000000,1.000000,0.853838,0.915926,0.725406,-0.371913,-0.225500,0.166452,-0.172429,-0.127719,-0.322793,-0.110621,0.336183,-0.024935,-0.026531,-0.265827,0.634529,0.165945,0.055870,-0.344908,-0.450213,-0.548712,-0.651941,-0.127364,-0.448648,-0.691855
7Y-1Y,0.058688,0.204877,0.240419,0.385529,0.491192,0.693760,0.680070,0.329575,0.666288,0.681513,0.381493,-0.034348,0.766640,0.748000,0.838637,0.950943,0.842360,0.962499,0.831253,-0.444343,0.781673,0.756829,0.789132,0.956460,0.790638,0.924277,0.683724,0.884159,0.898916,1.000000,1.000000,0.913954,0.995024,0.808290,-0.429411,-0.288436,0.179602,-0.116007,-0.085985,-0.281524,-0.167170,0.370401,0.052351,0.024441,-0.218007,0.763214,0.334124,0.195929,-0.231748,-0.364020,-0.507336,-0.626178,-0.113563,-0.420695,-0.674734
10Y-1Y,0.215398,0.232042,0.429231,0.552188,0.552904,0.507203,0.516358,0.697418,0.428811,0.340909,0.289387,-0.059601,0.752863,0.693166,0.709037,0.841118,0.960391,0.865408,0.742886,-0.350842,0.804245,0.728457,0.684035,0.866657,0.957380,0.855224,0.632268,0.880385,0.837426,0.853838,0.913954,1.000000,0.857717,0.706826,-0.501567,-0.410319,0.075726,0.190354,-0.148258,-0.340922,-0.269055,0.279301,0.368835,-0.001767,-0.242573,0.825248,0.654932,0.309713,-0.150647,-0.018664,-0.410316,-0.591053,-0.287568,-0.550174,-0.723821
20Y-1Y,-0.010729,0.070571,-0.000634,0.126772,0.249543,0.496021,0.479822,0.039380,0.522671,0.590605,0.240001,-0.267888,0.533839,0.508810,0.649223,0.795450,0.700001,0.909013,0.872499,-0.576004,0.555300,0.522230,0.637948,0.834646,0.693365,0.937070,0.812202,0.715013,0.723564,0.915926,0.995024,0.857717,1.000000,0.981009,-0.419165,-0.135898,0.370237,0.079965,0.209598,0.015785,0.013409,0.564366,0.256763,0.334903,0.099013,0.802036,0.400793,0.508052,0.115701,-0.298810,-0.157698,-0.309806,0.110026,-0.162318,-0.432314
30Y-1Y,-0.102827,-0.063578,-0.201263,-0.090756,0.047965,0.324356,0.309173,-0.187367,0.379421,0.493938,0.085626,-0.400647,0.245595,0.219944,0.420893,0.575288,0.501738,0.769515,0.861736,-0.554272,0.266371,0.233941,0.453954,0.644658,0.540508,0.858616,0.896256,0.442543,0.445244,0.725406,0.808290,0.706826,0.981009,1.000000,-0.289456,0.109329,0.584631,0.340389,0.505519,0.346824,0.253300,0.726656,0.476366,0.610155,0.426785,0.702463,0.389022,0.698730,0.435787,-0.219864,0.165945,0.038164,0.331992,0.155097,-0.096216
3Y-2Y,0.201233,0.324097,0.181556,0.219496,0.352174,0.428768,0.444275,0.079504,0.507584,0.566452,-0.099058,0.213089,-0.388278,-0.246375,-0.254104,-0.341957,-0.452421,-0.301733,-0.167020,0.553176,-0.430368,-0.227464,-0.171600,-0.325836,-0.415781,-0.252018,-0.038549,-0.455789,-0.312791,-0.371913,-0.429411,-0.501567,-0.419165,-0.289456,1.000000,0.743290,0.318991,0.393195,0.342552,0.440572,0.286793,-0.265074,-0.109052,-0.081714,0.130846,-0.825626,-0.460141,-0.458698,-0.023952,0.206533,0.187464,0.331399,0.242429,0.496951,0.495931
5Y-2Y,-0.438837,-0.336087,-0.393033,-0.364320,-0.244252,0.126582,0.096176,-0.381502,0.142555,0.259134,-0.443455,-0.163568,-0.679463,-0.620373,-0.296130,-0.354557,-0.483834,-0.221670,0.020732,0.383109,-0.642811,-0.550439,-0.063708,-0.199307,-0.313555,0.010633,0.341243,-0.667802,-0.612981,-0.225500,-0.288436,-0.410319,-0.135898,0.109329,0.743290,1.000000,0.855665,0.730055,0.845766,0.869082,0.945429,0.548280,0.467525,0.640872,0.736116,-0.548038,-0.446821,-0.016656,0.372076,-0.037998,0.479563,0.600821,0.562544,0.750555,0.693207
7Y-2Y,-0.431928,-0.318266,-0.367011,-0.374577,-0.238891,0.139000,0.141259,-0.349814,0.191939,0.314780,-0.307285,-0.313020,-0.409845,-0.393029,-0.019725,0.034473,-0.067279,0.217495,0.441254,0.022137,-0.370113,-0.336115,0.176927,0.193632,0.093555,0.439109,0.699091,-0.318014,-0.297333,0.166452,0.179602,0.075726,0.370237,0.584631,0.318991,0.855665,1.000000,0.804960,0.919280,0.830943,0.880823,0.902582,0.719979,0.858179,0.803792,0.087932,-0.062494,0.424903,0.536499,-0.179203,0.420828,0.442117,0.558636,0.592365,0.427314
10Y-2Y,-0.151577,-0.224898,-0.051251,-0.081721,-0.095470,-0.062201,-0.027260,0.213431,-0.075934,-0.101260,-0.426618,-0.292862,-0.478780,-0.507865,-0.305625,-0.210131,-0.025154,-0.007566,0.232190,0.261379,-0.402481,-0.420341,-0.084861,-0.035265,0.193412,0.249453,0.555387,-0.380903,-0.425767,-0.172429,-0.116007,0.190354,0.079965,0.340389,0.393195,0.730055,0.804960,1.000000,0.820733,0.784452,0.700571,0.625111,1.000000,0.734405,0.746486,-0.024236,0.385782,0.454792,0.621322,0.497368,0.568479,0.541157,0.261640,0.456601,0.470147
20Y-2Y,-0.428224,-0.417303,-0.566828,-0.609237,-0.495666,-0.184243,-0.182744,-0.616042,-0.083290,0.064706,-0.422270,-0.475820,-0.669927,-0.657635,-0.355695,-0.284180,-0.346020,-0.034142,0.253549,-0.058355,-0.642623,-0.618886,-0.174331,-0.137143,-0.183384,0.203933,0.557114,-0.558002,-0.539227,-0.127719,-0.085985,-0.148258,0.209598,0.505519,0.342552,0.845766,0.919280,0.820733,1.000000,0.995273,0.859004,0.798070,0.718928,0.959320,0.974031,-0.047632,-0.017941,0.600222,0.802198,0.026955,0.764287,0.766360,0.683939,0.801474,0.700231
30Y-2Y,-0.410646,-0.436786,-0.609543,-0.656056,-0.552642,-0.274033,-0.272596,-0.670624,-0.168775,-0.013262,-0.456212,-0.426871,-0.787045,-0.765029,-0.503007,-0.453097,-0.509587,-0.212038,0.108664,0.031152,-0.772972,-0.738912,-0.334999,-0.323139,-0.358693,0.014536,0.419649,-0.706482,-0.683409,-0.322793,-0.281524,-0.340922,0.015785,0.346824,0.440572,0.869082,0.830943,0.784452,0.995273,1.000000,0.842117,0.668251,0.640282,0.901231,0.987503,-0.228611,-0.086396,0.516362,0.830674,0.117497,0.829572,0.883712,0.676163,0.882616,0.866204
5Y-3Y,-0.627747,-0.566961,-0.566582,-0.552405,-0.473146,-0.068174,-0.111984,-0.502445,-0.087193,0.024617,-0.502445,-0.299144,-0.652319,-0.645391,-0.247536,-0.283833,-0.377889,-0.144241,0.087833,0.206190,-0.586137,-0.568226,-0.003573,-0.102621,-0.187248,0.114524,0.416628,-0.610586,-0.611163,-0.110621,-0.167170,-0.269055,0.013409,0.253300,0.286793,0.945429,0.880823,0.700571,0.859004,0.842117,1.000000,0.783068,0.616741,0.813238,0.829722,-0.278660,-0.329484,0.197958,0.464792,-0.146290,0.500580,0.579316,0.564613,0.672067,0.609367
7Y-3Y,-0.604319,-0.535969,-0.513152,-0.539547,-0.451063,-0.074900,-0.080623,-0.435706,-0.057589,0.049408,-0.299889,-0.427276,-0.276818,-0.312048,0.088441,0.174011,0.115130,0.339319,0.510713,-0.238035,-0.213058,-0.260378,0.252364,0.334319,0.261656,0.551390,0.722349,-0.166708,-0.194184,0.336183,0.370401,0.279301,0.564366,0.726656,-0.265074,0.548280,0.902582,0.625111,0.798070,0.668251,0.783068,1.000000,0.757464,0.932074,0.783765,0.446709,0.125008,0.637261,0.563418,-0.290039,0.352253,0.319588,0.459523,0.381113,0.241422
10Y-3Y,-0.211144,-0.331424,-0.130976,-0.178696,-0.243963,-0.229223,-0.203206,0.138466,-0.267401,-0.306976,-0.395939,-0.397597,-0.341357,-0.427769,-0.213914,-0.081534,0.136826,0.114371,0.309991,0.041313,-0.247213,-0.341351,-0.009136,0.094378,0.357340,0.360214,0.596913,-0.202589,-0.307599,-0.024935,0.052351,0.368835,0.256763,0.476366,-0.109052,0.467525,0.719979,1.000000,0.718928,0.640282,0.616741,0.757464,1.000000,0.795037,0.721694,0.310461,0.573742,0.664396,0.662432,0.426845,0.523357,0.438869,0.169822,0.281611,0.294579
20Y-3Y,-0.539611,-0.577173,-0.680203,-0.741424,-0.671174,-0.374612,-0.378902,-0.690561,-0.298660,-0.163750,-0.437784,-0.579242,-0.600513,-0.631550,-0.302545,-0.209404,-0.222021,0.036774,0.298716,-0.246964,-0.552943,-0.594116,-0.135647,-0.056527,-0.059286,0.275094,0.579624,-0.467468,-0.494398,-0.026531,0.024441,-0.001767,0.334903,0.610155,-0.081714,0.640872,0.858179,0.734405,0.959320,0.901231,0.813238,0.932074,0.795037,1.000000,0.990335,0.222872,0.125930,0.793295,0.861033,-0.051180,0.756929,0.711398,0.637361,0.673954,0.580619
30Y-3Y,-0.500085,-0.568336,-0.708951,-0.772130,-0.703002,-0.435067,-0.437991,-0.742013,-0.347522,-0.199906,-0.482855,-0.515873,-0.760409,-0.772383,-0.484549,-0.417965,-0.432711,-0.173240,0.138718,-0.106368,-0.730604,-0.746943,-0.322902,-0.280650,-0.277054,0.059099,0.441302,-0.662167,-0.676397,-0.265827,-0.218007,-0.242573,0.099013,0.426785,0.130846,0.736116,0.803792,0.746486,0.974031,0.987503,0.829722,0.783765,0.721694,0.990335,1.000000,-0.033153,0.021444,0.678543,0.901917,0.065531,0.852506,0.871408,0.660697,0.813180,0.802043
7Y-5Y,0.178477,0.129137,0.131119,0.004757,-0.008591,-0.075461,0.015023,0.118175,0.033867,0.028841,0.289656,-0.213906,0.536347,0.455468,0.469515,0.654448,0.728236,0.709918,0.626362,-0.632674,0.535154,0.426398,0.380523,0.633758,0.691370,0.652126,0.475007,0.654769,0.590439,0.634529,0.763214,0.825248,0.802036,0.702463,-0.825626,-0.548038,0.087932,-0.024236,-0.047632,-0.228611,-0.278660,0.446709,0.310461,0.222872,-0.033153,1.000000,0.658162,0.722993,0.205435,-0.215008,-0.160398,-0.348958,-0.121697,-0.400979,-0.554897
10Y-5Y,0.229089,0.088436,0.284695,0.230192,0.120237,-0.172169,-0.111923,0.494204,-0.193985,-0.313492,0.043567,-0.205346,0.262454,0.183654,0.044215,0.243941,0.517256,0.327627,0.311289,-0.262205,0.305765,0.209438,0.027956,0.270296,0.574585,0.359005,0.311593,0.375539,0.302777,0.165945,0.334124,0.654932,0.400793,0.389022,-0.460141,-0.446821,-0.062494,0.385782,-0.017941,-0.086396,-0.329484,0.125008,0.573742,0.125930,0.021444,0.658162,1.000000,0.586369,0.304618,0.651321,0.074744,-0.073825,-0.447116,-0.396218,-0.229732
20Y-5Y,-0.054439,-0.221405,-0.419868,-0.554072,-0.549076,-0.566479,-0.515272,-0.539484,-0.401777,-0.313425,-0.141157,-0.615364,-0.241300,-0.314307,-0.234639,-0.040100,0.069073,0.213059,0.383468,-0.622286,-0.238655,-0.336536,-0.223060,0.005899,0.136071,0.308740,0.476824,-0.049830,-0.117725,0.055870,0.195929,0.309713,0.508052,0.698730,-0.458698,-0.016656,0.424903,0.454792,0.600222,0.516362,0.197958,0.637261,0.664396,0.793295,0.678543,0.722993,0.586369,1.000000,0.913739,0.088047,0.707142,0.525407,0.416753,0.354845,0.242665
30Y-5Y,-0.149728,-0.336406,-0.580214,-0.702292,-0.677766,-0.634920,-0.596816,-0.710316,-0.469173,-0.337929,-0.327023,-0.551981,-0.636815,-0.673402,-0.562866,-0.430313,-0.356946,-0.160137,0.135677,-0.312340,-0.645607,-0.693796,-0.499514,-0.366018,-0.258079,-0.014838,0.339156,-0.500340,-0.543822,-0.344908,-0.231748,-0.150647,0.115701,0.435787,-0.023952,0.372076,0.536499,0.621322,0.802198,0.830674,0.464792,0.563418,0.662432,0.861033,0.901917,0.205435,0.304618,0.913739,1.000000,0.227765,0.934597,0.885095,0.569644,0.718844,0.725516
10Y-7Y,0.249752,0.053955,0.252031,0.217310,0.068135,-0.246923,-0.215397,0.478962,-0.303873,-0.436519,-0.245170,-0.079394,-0.221843,-0.246578,-0.445112,-0.373634,-0.095732,-0.314915,-0.262981,0.292897,-0.162980,-0.173475,-0.353596,-0.312442,0.038616,-0.209758,-0.094532,-0.192716,-0.222093,-0.450213,-0.364020,-0.018664,-0.298810,-0.219864,0.206533,-0.037998,-0.179203,0.497368,0.026955,0.117497,-0.146290,-0.290039,0.426845,-0.051180,0.065531,-0.215008,0.651321,0.088047,0.227765,1.000000,0.300417,0.286062,-0.488382,-0.128583,0.259306
20Y-7Y,-0.166076,-0.364717,-0.626421,-0.717212,-0.714529,-0.689006,-0.689118,-0.775922,-0.553849,-0.438265,-0.456045,-0.558483,-0.810199,-0.827130,-0.743001,-0.686853,-0.609874,-0.432016,-0.152566,-0.162495,-0.802875,-0.821710,-0.634645,-0.608652,-0.482977,-0.259311,0.108657,-0.690202,-0.717263,-0.548712,-0.507336,-0.410316,-0.157698,0.165945,0.187464,0.479563,0.420828,0.568479,0.764287,0.829572,0.500580,0.352253,0.523357,0.756929,0.852506,-0.160398,0.074744,0.707142,0.934597,0.300417,1.000000,0.978382,0.608866,0.791711,0.805313
30Y-7Y,-0.247871,-0.429840,-0.678581,-0.754924,-0.728725,-0.651939,-0.653107,-0.799063,-0.529337,-0.391285,-0.494875,-0.437688,-0.902585,-0.890542,-0.776764,-0.763764,-0.724233,-0.546178,-0.230829,-0.004957,-0.900911,-0.886848,-0.661705,-0.685039,-0.602296,-0.372380,0.044598,-0.839193,-0.842156,-0.651941,-0.626178,-0.591053,-0.309806,0.038164,0.331399,0.600821,0.442117,0.541157,0.766360,0.883712,0.579316,0.319588,0.438869,0.711398,0.871408,-0.348958,-0.073825,0.525407,0.885095,0.286062,0.978382,1.000000,0.571278,0.846197,0.969635
20Y-10Y,-0.200846,-0.151671,-0.508778,-0.532002,-0.404485,-0.126479,-0.148994,-0.834526,0.018065,0.201400,-0.067659,-0.325736,-0.443440,-0.454532,-0.280454,-0.237813,-0.435782,-0.035571,0.173586,-0.239959,-0.518262,-0.532556,-0.283149,-0.244354,-0.461705,0.005600,0.249996,-0.353518,-0.365578,-0.127364,-0.113563,-0.287568,0.110026,0.331992,0.242429,0.562544,0.558636,0.261640,0.683939,0.676163,0.564613,0.459523,0.169822,0.637361,0.660697,-0.121697,-0.447116,0.416753,0.569644,-0.488382,0.608866,0.571278,1.000000,0.914165,0.483223
30Y-10Y,-0.196954,-0.208204,-0.547565,-0.588279,-0.485520,-0.245014,-0.259210,-0.831356,-0.103326,0.077456,-0.229641,-0.301167,-0.711123,-0.705363,-0.554340,-0.524136,-0.675643,-0.304499,-0.004242,-0.002068,-0.776595,-0.760955,-0.501091,-0.501940,-0.642224,-0.209448,0.175174,-0.650894,-0.653775,-0.448648,-0.420695,-0.550174,-0.162318,0.155097,0.496951,0.750555,0.592365,0.456601,0.801474,0.882616,0.672067,0.381113,0.281611,0.673954,0.813180,-0.400979,-0.396218,0.354845,0.718844,-0.128583,0.791711,0.846197,0.914165,1.000000,0.835829
30Y-20Y,-0.317066,-0.447355,-0.648264,-0.689563,-0.631145,-0.491995,-0.494968,-0.716573,-0.401908,-0.251037,-0.470378,-0.245328,-0.901425,-0.856422,-0.727774,-0.755406,-0.775918,-0.597906,-0.274723,0.184116,-0.910784,-0.859143,-0.623643,-0.687293,-0.679934,-0.442494,-0.013990,-0.907182,-0.878183,-0.691855,-0.674734,-0.723821,-0.432314,-0.096216,0.495931,0.693207,0.427314,0.470147,0.700231,0.866204,0.609367,0.241422,0.294579,0.580619,0.802043,-0.554897,-0.229732,0.242665,0.725516,0.259306,0.805313,0.969635,0.483223,0.835829,1.000000
