,3M-1M,6M-1M,1Y-1M,2Y-1M,3Y-1M,5Y-1M,7Y-1M,10Y-1M,20Y-1M,30Y-1M,6M-3M,1Y-3M,2Y-3M,3Y-3M,5Y-3M,7Y-3M,10Y-3M,20Y-3M,30Y-3M,1Y-6M,2Y-6M,3Y-6M,5Y-6M,7Y-6M,10Y-6M,20Y-6M,30Y-6M,2Y-1Y,3Y-1Y,5Y-1Y,7Y-1Y,10Y-1Y,20Y-1Y,30Y-1Y,3Y-2Y,5Y-2Y,7Y-2Y,10Y-2Y,20Y-2Y,30Y-2Y,5Y-3Y,7Y-3Y,10Y-3Y,20Y-3Y,30Y-3Y,7Y-5Y,10Y-5Y,20Y-5Y,30Y-5Y,10Y-7Y,20Y-7Y,30Y-7Y,20Y-10Y,30Y-10Y,30Y-20Y
3M-1M,1.000000,0.963958,0.916260,0.625504,0.475997,0.415497,0.447458,0.469547,0.316722,0.182092,0.755390,0.465605,-0.092927,-0.198747,-0.277010,-0.296255,-0.368715,-0.550048,-0.591557,-0.362284,-0.473787,-0.498654,-0.552283,-0.587052,-0.648460,-0.730163,-0.733439,-0.431865,-0.469574,-0.535537,-0.582794,-0.661825,-0.756077,-0.753344,-0.394880,-0.573010,-0.531603,-0.498850,-0.560141,-0.585085,-0.433429,-0.334948,-0.278083,-0.412259,-0.470602,0.016399,-0.073179,-0.299446,-0.376788,-0.135177,-0.382621,-0.452969,-0.527673,-0.579256,-0.572202
6M-1M,0.963958,1.000000,0.952702,0.668610,0.527479,0.468476,0.506192,0.512633,0.323973,0.167635,0.902503,0.602291,-0.005799,-0.115094,-0.195242,-0.205626,-0.292247,-0.513788,-0.576709,-0.369153,-0.468068,-0.482572,-0.537185,-0.568949,-0.650113,-0.760614,-0.774506,-0.421069,-0.447361,-0.514825,-0.557670,-0.660999,-0.790609,-0.799796,-0.355107,-0.539676,-0.494750,-0.513013,-0.614248,-0.650598,-0.435349,-0.327797,-0.325044,-0.487089,-0.555324,0.027471,-0.119694,-0.375720,-0.463007,-0.221609,-0.482505,-0.558679,-0.627815,-0.686229,-0.672753
1Y-1M,0.916260,0.952702,1.000000,0.785545,0.661198,0.608932,0.650812,0.663369,0.503933,0.354690,0.863224,0.781128,0.185934,0.068703,-0.012719,-0.014249,-0.092383,-0.315803,-0.387992,-0.069253,-0.269386,-0.296169,-0.356528,-0.381304,-0.464511,-0.590633,-0.612764,-0.313465,-0.334491,-0.405314,-0.444367,-0.554482,-0.693096,-0.703679,-0.268505,-0.458998,-0.433527,-0.487641,-0.590513,-0.617242,-0.424397,-0.342521,-0.361869,-0.501012,-0.552935,-0.002480,-0.162138,-0.393142,-0.463209,-0.269088,-0.493898,-0.550496,-0.611574,-0.650108,-0.605408
2Y-1M,0.625504,0.668610,0.785545,1.000000,0.960625,0.942872,0.931275,0.892926,0.717220,0.589266,0.634193,0.760531,0.718719,0.614400,0.548205,0.510368,0.400240,0.112999,0.019766,0.207488,0.344170,0.304107,0.241961,0.184897,0.052213,-0.165029,-0.211660,0.341375,0.291497,0.216969,0.146537,-0.022061,-0.276265,-0.316708,0.084652,-0.082658,-0.281109,-0.529458,-0.671180,-0.657258,-0.291235,-0.557461,-0.681145,-0.744606,-0.730091,-0.412399,-0.548451,-0.681252,-0.676636,-0.593617,-0.712353,-0.689186,-0.730956,-0.681947,-0.465120
3Y-1M,0.475997,0.527479,0.661198,0.960625,1.000000,0.985178,0.979601,0.942546,0.789804,0.683341,0.528614,0.718846,0.801705,0.767300,0.699932,0.677718,0.581516,0.300834,0.207670,0.290501,0.475574,0.489553,0.421287,0.379397,0.251903,0.023501,-0.026810,0.469826,0.485833,0.403391,0.354300,0.193809,-0.077210,-0.124202,0.358171,0.158205,-0.046147,-0.348857,-0.537496,-0.521979,-0.282714,-0.537709,-0.680507,-0.726764,-0.690768,-0.395949,-0.551891,-0.665369,-0.638462,-0.612257,-0.698148,-0.648387,-0.693969,-0.613935,-0.350493
5Y-1M,0.415497,0.468476,0.608932,0.942872,0.985178,1.000000,0.985894,0.933940,0.782193,0.676376,0.481228,0.697674,0.832964,0.794899,0.758903,0.731274,0.624669,0.344281,0.246781,0.324350,0.528976,0.534832,0.493523,0.447448,0.309413,0.076274,0.020766,0.521973,0.528109,0.478337,0.425087,0.251777,-0.025355,-0.078628,0.364673,0.254080,0.018971,-0.325805,-0.520133,-0.507049,-0.113987,-0.442416,-0.658657,-0.711407,-0.677397,-0.447040,-0.610678,-0.697792,-0.665543,-0.670489,-0.720987,-0.666244,-0.688579,-0.609581,-0.348896
7Y-1M,0.447458,0.506192,0.650812,0.931275,0.979601,0.985894,1.000000,0.975345,0.850487,0.748481,0.522384,0.740381,0.789683,0.765378,0.721120,0.721597,0.640677,0.377918,0.282226,0.328613,0.467572,0.490371,0.442926,0.421234,0.304424,0.086065,0.033763,0.440564,0.472310,0.415716,0.390961,0.243707,-0.014999,-0.064592,0.383641,0.245551,0.087835,-0.222132,-0.430852,-0.425791,-0.160564,-0.357313,-0.552517,-0.625940,-0.598359,-0.291021,-0.481146,-0.596747,-0.573423,-0.576227,-0.648681,-0.600501,-0.639392,-0.563872,-0.318087
10Y-1M,0.469547,0.512633,0.663369,0.892926,0.942546,0.933940,0.975345,1.000000,0.932167,0.852615,0.502491,0.733694,0.721059,0.707977,0.650423,0.678166,0.647571,0.431525,0.351249,0.345870,0.413866,0.445559,0.386983,0.390950,0.319133,0.135785,0.094899,0.362641,0.411133,0.341937,0.346647,0.254900,0.039184,0.002322,0.379622,0.201469,0.127747,-0.090843,-0.288963,-0.282367,-0.236479,-0.288534,-0.396619,-0.474763,-0.444552,-0.125806,-0.287295,-0.419864,-0.397715,-0.381656,-0.484165,-0.437881,-0.512846,-0.430970,-0.197216
20Y-1M,0.316722,0.323973,0.503933,0.717220,0.789804,0.782193,0.850487,0.932167,1.000000,0.977211,0.285223,0.619659,0.633025,0.649202,0.599534,0.663126,0.708053,0.617927,0.566637,0.477596,0.443270,0.481726,0.427834,0.470292,0.467342,0.367772,0.341257,0.335182,0.405016,0.343562,0.392605,0.385490,0.273352,0.252171,0.422288,0.257635,0.279272,0.170003,0.035184,0.045926,-0.200391,-0.102483,-0.125690,-0.152693,-0.112275,0.074300,-0.030926,-0.099526,-0.066463,-0.109922,-0.151379,-0.099982,-0.167264,-0.086698,0.082120
30Y-1M,0.182092,0.167635,0.354690,0.589266,0.683341,0.676376,0.748481,0.852615,0.977211,1.000000,0.118108,0.499784,0.589714,0.628730,0.584137,0.658406,0.740493,0.709459,0.685066,0.534393,0.488609,0.532429,0.480716,0.537433,0.569504,0.505803,0.493780,0.365518,0.445158,0.386837,0.453169,0.489875,0.420539,0.414735,0.470457,0.312566,0.360430,0.303140,0.194447,0.221617,-0.175500,-0.035645,-0.007629,-0.006674,0.055888,0.133996,0.076398,0.043271,0.099580,0.022700,0.007342,0.080812,-0.004660,0.104070,0.291801
6M-3M,0.755390,0.902503,0.863224,0.634193,0.528614,0.481228,0.522384,0.502491,0.285223,0.118108,1.000000,0.729695,0.136147,0.038258,-0.032450,-0.026873,-0.122917,-0.375022,-0.462799,-0.322743,-0.385867,-0.381333,-0.429030,-0.450977,-0.551473,-0.691372,-0.720286,-0.337972,-0.341686,-0.401066,-0.430091,-0.556651,-0.723300,-0.750351,-0.235382,-0.401610,-0.357990,-0.455991,-0.606110,-0.655258,-0.370612,-0.265137,-0.350409,-0.532314,-0.605927,0.041113,-0.176338,-0.440639,-0.530422,-0.326987,-0.569001,-0.642735,-0.692084,-0.752454,-0.730680
1Y-3M,0.465605,0.602291,0.781128,0.760531,0.718846,0.697674,0.740381,0.733694,0.619659,0.499784,0.729695,1.000000,0.555618,0.461561,0.403662,0.430279,0.370601,0.159642,0.064857,0.411678,0.143327,0.122914,0.073155,0.072610,-0.015500,-0.166790,-0.210578,-0.019399,-0.007074,-0.060727,-0.073349,-0.193439,-0.352767,-0.380409,0.022283,-0.120923,-0.129189,-0.299792,-0.431530,-0.451704,-0.262039,-0.234651,-0.366028,-0.464297,-0.488071,-0.031040,-0.244146,-0.401819,-0.436067,-0.383791,-0.494777,-0.510167,-0.528667,-0.533399,-0.445639
2Y-3M,-0.092927,-0.005799,0.185934,0.718719,0.801705,0.832964,0.789683,0.721059,0.633025,0.589714,0.136147,0.555618,1.000000,0.961177,0.946447,0.915312,0.839347,0.634382,0.552396,0.587637,0.861430,0.832464,0.800948,0.759111,0.644513,0.440091,0.383502,0.820503,0.790458,0.754133,0.706363,0.561639,0.321231,0.267184,0.459929,0.405160,0.115007,-0.231110,-0.357347,-0.317350,0.014596,-0.412908,-0.621422,-0.582835,-0.512319,-0.540893,-0.634688,-0.602521,-0.527706,-0.637075,-0.568088,-0.475832,-0.462564,-0.354052,-0.083636
3Y-3M,-0.198747,-0.115094,0.068703,0.614400,0.767300,0.794899,0.765378,0.707977,0.649202,0.628730,0.038258,0.461561,0.961177,1.000000,0.981994,0.971273,0.916903,0.736340,0.662786,0.587909,0.875460,0.909172,0.872202,0.850874,0.753573,0.558621,0.504943,0.838486,0.883821,0.840048,0.819801,0.698579,0.465286,0.410925,0.687089,0.594139,0.336216,-0.025005,-0.190531,-0.155049,0.001000,-0.354978,-0.555577,-0.509285,-0.426628,-0.453202,-0.561662,-0.523129,-0.436747,-0.583725,-0.499007,-0.392256,-0.388578,-0.261775,0.026660
5Y-3M,-0.277010,-0.195242,-0.012719,0.548205,0.699932,0.758903,0.721120,0.650423,0.599534,0.584137,-0.032450,0.403662,0.946447,0.981994,1.000000,0.984593,0.923855,0.757482,0.684204,0.602003,0.897991,0.921981,0.916737,0.892957,0.791104,0.603318,0.547026,0.860580,0.894059,0.888706,0.866287,0.739789,0.514512,0.456279,0.667934,0.678636,0.400629,0.012970,-0.148432,-0.116752,0.189891,-0.227556,-0.496697,-0.456360,-0.378664,-0.483979,-0.592711,-0.522743,-0.433305,-0.611507,-0.487700,-0.379506,-0.349618,-0.229237,0.041093
7Y-3M,-0.296255,-0.205626,-0.014249,0.510368,0.677718,0.731274,0.721597,0.678166,0.663126,0.658406,-0.026873,0.430279,0.915312,0.971273,0.984593,1.000000,0.969673,0.829425,0.759360,0.631413,0.866139,0.909738,0.900583,0.904332,0.827118,0.657163,0.603840,0.804840,0.867937,0.858559,0.868704,0.772619,0.569287,0.514207,0.715416,0.705834,0.505340,0.148943,-0.026520,-0.001805,0.164052,-0.122311,-0.374808,-0.349353,-0.274732,-0.323502,-0.457209,-0.405508,-0.320725,-0.510759,-0.396585,-0.290670,-0.274374,-0.153787,0.103248
10Y-3M,-0.368715,-0.292247,-0.092383,0.400240,0.581516,0.624669,0.640677,0.647571,0.708053,0.740493,-0.122917,0.370601,0.839347,0.916903,0.923855,0.969673,1.000000,0.929044,0.880353,0.676813,0.844635,0.899464,0.884079,0.918264,0.895653,0.773134,0.732916,0.754523,0.838121,0.822201,0.867945,0.839561,0.693796,0.652628,0.740480,0.706655,0.593301,0.334898,0.179211,0.207685,0.125107,-0.014692,-0.177565,-0.144034,-0.061874,-0.146604,-0.239312,-0.183600,-0.093530,-0.285148,-0.179513,-0.070068,-0.084519,0.046201,0.286215
20Y-3M,-0.550048,-0.513788,-0.315803,0.112999,0.300834,0.344281,0.377918,0.431525,0.617927,0.709459,-0.375022,0.159642,0.634382,0.736340,0.757482,0.829425,0.929044,1.000000,0.989248,0.720806,0.783008,0.837480,0.834484,0.900687,0.948991,0.929048,0.908417,0.653091,0.745835,0.746405,0.828756,0.888001,0.867394,0.846480,0.699128,0.701811,0.686538,0.563182,0.495284,0.525418,0.182836,0.187409,0.119840,0.207285,0.291232,0.051825,0.033430,0.160585,0.253805,0.015268,0.183874,0.287440,0.290123,0.403816,0.546607
30Y-3M,-0.591557,-0.576709,-0.387992,0.019766,0.207670,0.246781,0.282226,0.351249,0.566637,0.685066,-0.462799,0.064857,0.552396,0.662786,0.684204,0.759360,0.880353,0.989248,1.000000,0.706592,0.751659,0.806014,0.803342,0.875608,0.947400,0.955699,0.948267,0.619669,0.712909,0.713957,0.803359,0.892008,0.904983,0.898199,0.678315,0.680820,0.689389,0.618148,0.574432,0.615190,0.177208,0.218924,0.199767,0.299957,0.394480,0.097723,0.116860,0.257331,0.360802,0.118762,0.289491,0.401854,0.387115,0.514486,0.663195
1Y-6M,-0.362284,-0.369153,-0.069253,0.207488,0.290501,0.324350,0.328613,0.345870,0.477596,0.534393,-0.322743,0.411678,0.587637,0.587909,0.602003,0.631413,0.676813,0.720806,0.706592,1.000000,0.712676,0.678378,0.673071,0.701568,0.713545,0.690585,0.668510,0.423596,0.445606,0.450479,0.471693,0.474142,0.475707,0.473497,0.344561,0.367882,0.298303,0.192767,0.210491,0.248071,0.131232,0.028566,-0.039637,0.066780,0.131982,-0.097761,-0.102927,0.031078,0.103334,-0.095442,0.073486,0.150455,0.190619,0.264528,0.356988
2Y-6M,-0.473787,-0.468068,-0.269386,0.344170,0.475574,0.528976,0.467572,0.413866,0.443270,0.488609,-0.385867,0.143327,0.861430,0.875460,0.897991,0.866139,0.844635,0.783008,0.751659,0.712676,1.000000,0.970702,0.965806,0.938097,0.882900,0.764256,0.726382,0.937335,0.911260,0.907874,0.878270,0.808380,0.669939,0.633477,0.548967,0.583181,0.290621,0.018549,-0.022048,0.040394,0.203587,-0.248588,-0.399047,-0.269859,-0.166455,-0.524770,-0.500638,-0.335189,-0.219492,-0.425631,-0.237319,-0.113608,-0.075954,0.056043,0.296700
3Y-6M,-0.498654,-0.482572,-0.296169,0.304107,0.489553,0.534832,0.490371,0.445559,0.481726,0.532429,-0.381333,0.122914,0.832464,0.909172,0.921981,0.909738,0.899464,0.837480,0.806014,0.678378,0.970702,1.000000,0.985675,0.975090,0.926955,0.804901,0.767293,0.916537,0.960026,0.944276,0.937640,0.878237,0.731861,0.692843,0.733726,0.717008,0.460222,0.166890,0.076319,0.129625,0.155368,-0.217906,-0.367948,-0.249318,-0.142174,-0.436396,-0.446118,-0.300329,-0.183000,-0.403749,-0.224521,-0.095037,-0.071070,0.071395,0.329157
5Y-6M,-0.552283,-0.537185,-0.356528,0.241961,0.421287,0.493523,0.442926,0.386983,0.427834,0.480716,-0.429030,0.073155,0.800948,0.872202,0.916737,0.900583,0.884079,0.834484,0.803342,0.673071,0.965806,0.985675,1.000000,0.987281,0.935399,0.821601,0.782284,0.912851,0.944593,0.963490,0.954830,0.891091,0.754104,0.712287,0.697740,0.773853,0.505165,0.193983,0.108116,0.156392,0.319752,-0.099682,-0.308839,-0.199675,-0.100033,-0.453837,-0.465189,-0.296314,-0.179596,-0.421962,-0.213335,-0.086082,-0.039345,0.093581,0.329193
7Y-6M,-0.587052,-0.568949,-0.381304,0.184897,0.379397,0.447448,0.421234,0.390950,0.470292,0.537433,-0.450977,0.072610,0.759111,0.850874,0.892957,0.904332,0.918264,0.900687,0.875608,0.701568,0.938097,0.975090,0.987281,1.000000,0.973969,0.881957,0.846694,0.862916,0.920838,0.937820,0.959271,0.927520,0.817130,0.779501,0.739269,0.801691,0.604053,0.327686,0.235120,0.278172,0.304720,0.004002,-0.185032,-0.084633,0.013424,-0.306396,-0.332929,-0.173916,-0.059880,-0.316418,-0.111140,0.014910,0.050531,0.183975,0.404174
10Y-6M,-0.648460,-0.650113,-0.464511,0.052213,0.251903,0.309413,0.304424,0.319133,0.467342,0.569504,-0.551473,-0.015500,0.644513,0.753573,0.791104,0.827118,0.895653,0.948991,0.947400,0.713545,0.882900,0.926955,0.935399,0.973969,1.000000,0.959711,0.938864,0.785690,0.857624,0.870853,0.922313,0.955172,0.907331,0.884850,0.727910,0.773974,0.659144,0.485858,0.422269,0.468229,0.271252,0.106472,0.007781,0.117488,0.219539,-0.141655,-0.122131,0.043145,0.159092,-0.093146,0.104107,0.229147,0.239116,0.376049,0.568039
20Y-6M,-0.730163,-0.760614,-0.590633,-0.165029,0.023501,0.076274,0.086065,0.135785,0.367772,0.505803,-0.691372,-0.166790,0.440091,0.558621,0.603318,0.657163,0.773134,0.929048,0.955699,0.690585,0.764256,0.804901,0.821601,0.881957,0.959711,1.000000,0.995460,0.643887,0.717652,0.741794,0.817561,0.914244,0.964691,0.959186,0.638825,0.707256,0.677944,0.620914,0.627906,0.671006,0.290405,0.251876,0.233245,0.373994,0.468799,0.023984,0.096429,0.301010,0.409495,0.142396,0.370389,0.480533,0.502318,0.615021,0.717621
30Y-6M,-0.733439,-0.774506,-0.612764,-0.211660,-0.026810,0.020766,0.033763,0.094899,0.341257,0.493780,-0.720286,-0.210578,0.383502,0.504943,0.547026,0.603840,0.732916,0.908417,0.948267,0.668510,0.726382,0.767293,0.782284,0.846694,0.938864,0.995460,1.000000,0.605945,0.680237,0.702323,0.782677,0.897373,0.967209,0.971588,0.615096,0.676588,0.667671,0.647021,0.666575,0.716071,0.271399,0.266268,0.281816,0.425364,0.525694,0.061747,0.154598,0.359176,0.472299,0.210040,0.430313,0.544646,0.550786,0.672077,0.780647
2Y-1Y,-0.431865,-0.421069,-0.313465,0.341375,0.469826,0.521973,0.440564,0.362641,0.335182,0.365518,-0.337972,-0.019399,0.820503,0.838486,0.860580,0.804840,0.754523,0.653091,0.619669,0.423596,0.937335,0.916537,0.912851,0.862916,0.785690,0.643887,0.605945,1.000000,0.955396,0.948604,0.899839,0.808372,0.628823,0.582836,0.537749,0.570347,0.227119,-0.071794,-0.133021,-0.071054,0.197713,-0.335195,-0.495609,-0.381644,-0.280502,-0.629088,-0.595360,-0.448272,-0.334761,-0.502219,-0.342955,-0.221435,-0.192761,-0.059021,0.205819
3Y-1Y,-0.469574,-0.447361,-0.334491,0.291497,0.485833,0.528109,0.472310,0.411133,0.405016,0.445158,-0.341686,-0.007074,0.790458,0.883821,0.894059,0.867937,0.838121,0.745835,0.712909,0.445606,0.911260,0.960026,0.944593,0.920838,0.857624,0.717652,0.680237,0.955396,1.000000,0.978952,0.962785,0.889471,0.710519,0.663819,0.762755,0.733501,0.447121,0.129911,0.012800,0.063435,0.139315,-0.276396,-0.433235,-0.329229,-0.223519,-0.494493,-0.504370,-0.377784,-0.262350,-0.455597,-0.301570,-0.173121,-0.159220,-0.013788,0.265063
5Y-1Y,-0.535537,-0.514825,-0.405314,0.216969,0.403391,0.478337,0.415716,0.341937,0.343562,0.386837,-0.401066,-0.060727,0.754133,0.840048,0.888706,0.858559,0.822201,0.746405,0.713957,0.450479,0.907874,0.944276,0.963490,0.937820,0.870853,0.741794,0.702323,0.948604,0.978952,1.000000,0.981866,0.904037,0.738105,0.688425,0.717542,0.800980,0.501821,0.164381,0.054310,0.098982,0.338481,-0.130673,-0.358468,-0.265216,-0.168537,-0.512461,-0.524295,-0.368948,-0.254210,-0.474822,-0.284133,-0.158382,-0.116505,0.017201,0.268149
7Y-1Y,-0.582794,-0.557670,-0.444367,0.146537,0.354300,0.425087,0.390961,0.346647,0.392605,0.453169,-0.430091,-0.073349,0.706363,0.819801,0.866287,0.868704,0.867945,0.828756,0.803359,0.471693,0.878270,0.937640,0.954830,0.959271,0.922313,0.817561,0.782677,0.899839,0.962785,0.981866,1.000000,0.959741,0.822525,0.776840,0.778170,0.846165,0.629193,0.329057,0.207491,0.245867,0.325033,-0.006372,-0.213243,-0.131197,-0.035709,-0.340376,-0.371159,-0.227520,-0.115058,-0.353695,-0.166654,-0.041193,-0.013038,0.122784,0.358603
10Y-1Y,-0.661825,-0.660999,-0.554482,-0.022061,0.193809,0.251777,0.243707,0.254900,0.385490,0.489875,-0.556651,-0.193439,0.561639,0.698579,0.739789,0.772619,0.839561,0.888001,0.892008,0.474142,0.808380,0.878237,0.891091,0.927520,0.955172,0.914244,0.897373,0.808372,0.889471,0.904037,0.959741,1.000000,0.939218,0.911899,0.769158,0.817192,0.702287,0.529116,0.441716,0.483593,0.285425,0.121731,0.026528,0.119427,0.220121,-0.136707,-0.109988,0.041088,0.156263,-0.076726,0.099778,0.224390,0.219945,0.360797,0.562999
20Y-1Y,-0.756077,-0.790609,-0.693096,-0.276265,-0.077210,-0.025355,-0.014999,0.039184,0.273352,0.420539,-0.723300,-0.352767,0.321231,0.465286,0.514512,0.569287,0.693796,0.867394,0.904983,0.475707,0.669939,0.731861,0.754104,0.817130,0.907331,0.964691,0.967209,0.628823,0.710519,0.738105,0.822525,0.939218,1.000000,0.994110,0.651448,0.726180,0.715870,0.684943,0.686992,0.725725,0.305395,0.295923,0.298102,0.430524,0.522080,0.064770,0.154757,0.354765,0.460389,0.207936,0.423698,0.529623,0.541492,0.651643,0.742752
30Y-1Y,-0.753344,-0.799796,-0.703679,-0.316708,-0.124202,-0.078628,-0.064592,0.002322,0.252171,0.414735,-0.750351,-0.380409,0.267184,0.410925,0.456279,0.514207,0.652628,0.846480,0.898199,0.473497,0.633477,0.692843,0.712287,0.779501,0.884850,0.959186,0.971588,0.582836,0.663819,0.688425,0.776840,0.911899,0.994110,1.000000,0.618826,0.684232,0.695815,0.704944,0.722462,0.769123,0.279664,0.306260,0.346379,0.482522,0.580596,0.104241,0.215852,0.415495,0.526475,0.279132,0.486249,0.597163,0.591653,0.711781,0.810940
3Y-2Y,-0.394880,-0.355107,-0.268505,0.084652,0.358171,0.364673,0.383641,0.379622,0.422288,0.470457,-0.235382,0.022283,0.459929,0.687089,0.667934,0.715416,0.740480,0.699128,0.678315,0.344561,0.548967,0.733726,0.697740,0.739269,0.727910,0.638825,0.615096,0.537749,0.762755,0.717542,0.778170,0.769158,0.651448,0.618826,1.000000,0.845102,0.779119,0.528082,0.327820,0.336684,-0.035217,-0.055074,-0.151555,-0.104191,-0.023880,-0.034154,-0.136207,-0.096907,-0.015925,-0.200920,-0.109949,-0.009345,-0.032448,0.089877,0.306018
5Y-2Y,-0.573010,-0.539676,-0.458998,-0.082658,0.158205,0.254080,0.245551,0.201469,0.257635,0.312566,-0.401610,-0.120923,0.405160,0.594139,0.678636,0.705834,0.706655,0.701811,0.680820,0.367882,0.583181,0.717008,0.773853,0.801691,0.773974,0.707256,0.676588,0.570347,0.733501,0.800980,0.846165,0.817192,0.726180,0.684232,0.845102,1.000000,0.872836,0.562479,0.392612,0.391333,0.504511,0.294952,0.007171,0.033613,0.093208,-0.140009,-0.234532,-0.109582,-0.026516,-0.282326,-0.088680,0.007821,0.062271,0.156301,0.306626
7Y-2Y,-0.531603,-0.494750,-0.433527,-0.281109,-0.046147,0.018971,0.087835,0.127747,0.279272,0.360430,-0.357990,-0.129189,0.115007,0.336216,0.400629,0.505340,0.593301,0.686538,0.689389,0.298303,0.290621,0.460222,0.505165,0.604053,0.659144,0.677944,0.667671,0.227119,0.447121,0.501821,0.629193,0.702287,0.715870,0.695815,0.779119,0.872836,1.000000,0.862541,0.700237,0.675500,0.373358,0.583016,0.406997,0.387106,0.420071,0.361002,0.232182,0.290779,0.339599,0.105215,0.239013,0.302583,0.314348,0.379276,0.433858
10Y-2Y,-0.498850,-0.513013,-0.487641,-0.529458,-0.348857,-0.325805,-0.222132,-0.090843,0.170003,0.303140,-0.455991,-0.299792,-0.231110,-0.025005,0.012970,0.148943,0.334898,0.563182,0.618148,0.192767,0.018549,0.166890,0.193983,0.327686,0.485858,0.620914,0.647021,-0.071794,0.129911,0.164381,0.329057,0.529116,0.684943,0.704944,0.528082,0.562479,0.862541,1.000000,0.940168,0.921801,0.198617,0.689428,0.759351,0.752479,0.777298,0.675178,0.671831,0.715787,0.747312,0.593931,0.663416,0.699387,0.650524,0.696395,0.657240
20Y-2Y,-0.560141,-0.614248,-0.590513,-0.671180,-0.537496,-0.520133,-0.430852,-0.288963,0.035184,0.194447,-0.606110,-0.431530,-0.357347,-0.190531,-0.148432,-0.026520,0.179211,0.495284,0.574432,0.210491,-0.022048,0.076319,0.108116,0.235120,0.422269,0.627906,0.666575,-0.133021,0.012800,0.054310,0.207491,0.441716,0.686992,0.722462,0.327820,0.392612,0.700237,0.940168,1.000000,0.991459,0.204501,0.690462,0.843156,0.905442,0.927622,0.670480,0.753662,0.871142,0.899694,0.734401,0.860584,0.882036,0.870367,0.885784,0.754409
30Y-2Y,-0.585085,-0.650598,-0.617242,-0.657258,-0.521979,-0.507049,-0.425791,-0.282367,0.045926,0.221617,-0.655258,-0.451704,-0.317350,-0.155049,-0.116752,-0.001805,0.207685,0.525418,0.615190,0.248071,0.040394,0.129625,0.156392,0.278172,0.468229,0.671006,0.716071,-0.071054,0.063435,0.098982,0.245867,0.483593,0.725725,0.769123,0.336684,0.391333,0.675500,0.921801,0.991459,1.000000,0.187793,0.639571,0.814984,0.892469,0.933309,0.622735,0.733213,0.862595,0.909549,0.737635,0.866616,0.907190,0.877874,0.920147,0.833571
5Y-3Y,-0.433429,-0.435349,-0.424397,-0.291235,-0.282714,-0.113987,-0.160564,-0.236479,-0.200391,-0.175500,-0.370612,-0.262039,0.014596,0.001000,0.189891,0.164052,0.125107,0.182836,0.177208,0.131232,0.203587,0.155368,0.319752,0.304720,0.271252,0.290405,0.271399,0.197713,0.139315,0.338481,0.325033,0.285425,0.305395,0.279664,-0.035217,0.504511,0.373358,0.198617,0.204501,0.187793,1.000000,0.640324,0.258172,0.231108,0.212809,-0.206571,-0.218450,-0.048343,-0.023848,-0.203282,0.011794,0.029714,0.168813,0.147031,0.078971
7Y-3Y,-0.334948,-0.327797,-0.342521,-0.557461,-0.537709,-0.442416,-0.357313,-0.288534,-0.102483,-0.035645,-0.265137,-0.234651,-0.412908,-0.354978,-0.227556,-0.122311,-0.014692,0.187409,0.218924,0.028566,-0.248588,-0.217906,-0.099682,0.004002,0.106472,0.251876,0.266268,-0.335195,-0.276396,-0.130673,-0.006372,0.121731,0.295923,0.306260,-0.055074,0.294952,0.583016,0.689428,0.690462,0.639571,0.640324,1.000000,0.844683,0.751615,0.700034,0.619266,0.546347,0.588747,0.561550,0.427986,0.523196,0.494064,0.542744,0.487623,0.294431
10Y-3Y,-0.278083,-0.325044,-0.361869,-0.681145,-0.680507,-0.658657,-0.552517,-0.396619,-0.125690,-0.007629,-0.350409,-0.366028,-0.621422,-0.555577,-0.496697,-0.374808,-0.177565,0.119840,0.199767,-0.039637,-0.399047,-0.367948,-0.308839,-0.185032,0.007781,0.233245,0.281816,-0.495609,-0.433235,-0.358468,-0.213243,0.026528,0.298102,0.346379,-0.151555,0.007171,0.406997,0.759351,0.843156,0.814984,0.258172,0.844683,1.000000,0.955709,0.923062,0.812068,0.886369,0.907419,0.882063,0.845278,0.856454,0.821237,0.782064,0.741727,0.530536
20Y-3Y,-0.412259,-0.487089,-0.501012,-0.744606,-0.726764,-0.711407,-0.625940,-0.474763,-0.152693,-0.006674,-0.532314,-0.464297,-0.582835,-0.509285,-0.456360,-0.349353,-0.144034,0.207285,0.299957,0.066780,-0.269859,-0.249318,-0.199675,-0.084633,0.117488,0.373994,0.425364,-0.381644,-0.329229,-0.265216,-0.131197,0.119427,0.430524,0.482522,-0.104191,0.033613,0.387106,0.752479,0.905442,0.892469,0.231108,0.751615,0.955709,1.000000,0.987266,0.721180,0.854600,0.960618,0.954291,0.863400,0.955363,0.932745,0.930841,0.892111,0.656696
30Y-3Y,-0.470602,-0.555324,-0.552935,-0.730091,-0.690768,-0.677397,-0.598359,-0.444552,-0.112275,0.055888,-0.605927,-0.488071,-0.512319,-0.426628,-0.378664,-0.274732,-0.061874,0.291232,0.394480,0.131982,-0.166455,-0.142174,-0.100033,0.013424,0.219539,0.468799,0.525694,-0.280502,-0.223519,-0.168537,-0.035709,0.220121,0.522080,0.580596,-0.023880,0.093208,0.420071,0.777298,0.927622,0.933309,0.212809,0.700034,0.923062,0.987266,1.000000,0.674181,0.830393,0.952771,0.971741,0.859765,0.962013,0.966726,0.944412,0.942646,0.768306
7Y-5Y,0.016399,0.027471,-0.002480,-0.412399,-0.395949,-0.447040,-0.291021,-0.125806,0.074300,0.133996,0.041113,-0.031040,-0.540893,-0.453202,-0.483979,-0.323502,-0.146604,0.051825,0.097723,-0.097761,-0.524770,-0.436396,-0.453837,-0.306396,-0.141655,0.023984,0.061747,-0.629088,-0.494493,-0.512461,-0.340376,-0.136707,0.064770,0.104241,-0.034154,-0.140009,0.361002,0.675178,0.670480,0.622735,-0.206571,0.619266,0.812068,0.721180,0.674181,1.000000,0.919257,0.799378,0.739694,0.752981,0.654403,0.598976,0.518796,0.470847,0.294327
10Y-5Y,-0.073179,-0.119694,-0.162138,-0.548451,-0.551891,-0.610678,-0.481146,-0.287295,-0.030926,0.076398,-0.176338,-0.244146,-0.634688,-0.561662,-0.592711,-0.457209,-0.239312,0.033430,0.116860,-0.102927,-0.500638,-0.446118,-0.465189,-0.332929,-0.122131,0.096429,0.154598,-0.595360,-0.504370,-0.524295,-0.371159,-0.109988,0.154757,0.215852,-0.136207,-0.234532,0.232182,0.671831,0.753662,0.733213,-0.218450,0.546347,0.886369,0.854600,0.830393,0.919257,1.000000,0.939743,0.902392,0.951226,0.859444,0.815285,0.709056,0.678750,0.498045
20Y-5Y,-0.299446,-0.375720,-0.393142,-0.681252,-0.665369,-0.697792,-0.596747,-0.419864,-0.099526,0.043271,-0.440639,-0.401819,-0.602521,-0.523129,-0.522743,-0.405508,-0.183600,0.160585,0.257331,0.031078,-0.335189,-0.300329,-0.296314,-0.173916,0.043145,0.301010,0.359176,-0.448272,-0.377784,-0.368948,-0.227520,0.041088,0.354765,0.415495,-0.096907,-0.109582,0.290779,0.715787,0.871142,0.862595,-0.048343,0.588747,0.907419,0.960618,0.952771,0.799378,0.939743,1.000000,0.986508,0.944444,0.977430,0.949091,0.907409,0.873869,0.651626
30Y-5Y,-0.376788,-0.463007,-0.463209,-0.676636,-0.638462,-0.665543,-0.573423,-0.397715,-0.066463,0.099580,-0.530422,-0.436067,-0.527706,-0.436747,-0.433305,-0.320725,-0.093530,0.253805,0.360802,0.103334,-0.219492,-0.183000,-0.179596,-0.059880,0.159092,0.409495,0.472299,-0.334761,-0.262350,-0.254210,-0.115058,0.156263,0.460389,0.526475,-0.015925,-0.026516,0.339599,0.747312,0.899694,0.909549,-0.023848,0.561550,0.882063,0.954291,0.971741,0.739694,0.902392,0.986508,1.000000,0.928780,0.981436,0.981930,0.925494,0.928950,0.767015
10Y-7Y,-0.135177,-0.221609,-0.269088,-0.593617,-0.612257,-0.670489,-0.576227,-0.381656,-0.109922,0.022700,-0.326987,-0.383791,-0.637075,-0.583725,-0.611507,-0.510759,-0.285148,0.015268,0.118762,-0.095442,-0.425631,-0.403749,-0.421962,-0.316418,-0.093146,0.142396,0.210040,-0.502219,-0.455597,-0.474822,-0.353695,-0.076726,0.207936,0.279132,-0.200920,-0.282326,0.105215,0.593931,0.734401,0.737635,-0.203282,0.427986,0.845278,0.863400,0.859765,0.752981,0.951226,0.944444,0.928780,1.000000,0.923827,0.893446,0.778707,0.765623,0.601885
20Y-7Y,-0.382621,-0.482505,-0.493898,-0.712353,-0.698148,-0.720987,-0.648681,-0.484165,-0.151379,0.007342,-0.569001,-0.494777,-0.568088,-0.499007,-0.487700,-0.396585,-0.179513,0.183874,0.289491,0.073486,-0.237319,-0.224521,-0.213335,-0.111140,0.104107,0.370389,0.430313,-0.342955,-0.301570,-0.284133,-0.166654,0.099778,0.423698,0.486249,-0.109949,-0.088680,0.239013,0.663416,0.860584,0.866616,0.011794,0.523196,0.856454,0.955363,0.962013,0.654403,0.859444,0.977430,0.981436,0.923827,1.000000,0.983825,0.959561,0.934211,0.716583
30Y-7Y,-0.452969,-0.558679,-0.550496,-0.689186,-0.648387,-0.666244,-0.600501,-0.437881,-0.099982,0.080812,-0.642735,-0.510167,-0.475832,-0.392256,-0.379506,-0.290670,-0.070068,0.287440,0.401854,0.150455,-0.113608,-0.095037,-0.086082,0.014910,0.229147,0.480533,0.544646,-0.221435,-0.173121,-0.158382,-0.041193,0.224390,0.529623,0.597163,-0.009345,0.007821,0.302583,0.699387,0.882036,0.907190,0.029714,0.494064,0.821237,0.932745,0.966726,0.598976,0.815285,0.949091,0.981930,0.893446,0.983825,1.000000,0.955393,0.972990,0.829937
20Y-10Y,-0.527673,-0.627815,-0.611574,-0.730956,-0.693969,-0.688579,-0.639392,-0.512846,-0.167264,-0.004660,-0.692084,-0.528667,-0.462564,-0.388578,-0.349618,-0.274374,-0.084519,0.290123,0.387115,0.190619,-0.075954,-0.071070,-0.039345,0.050531,0.239116,0.502318,0.550786,-0.192761,-0.159220,-0.116505,-0.013038,0.219945,0.541492,0.591653,-0.032448,0.062271,0.314348,0.650524,0.870367,0.877874,0.168813,0.542744,0.782064,0.930841,0.944412,0.518796,0.709056,0.907409,0.925494,0.778707,0.959561,0.955393,1.000000,0.968074,0.731810
30Y-10Y,-0.579256,-0.686229,-0.650108,-0.681947,-0.613935,-0.609581,-0.563872,-0.430970,-0.086698,0.104070,-0.752454,-0.533399,-0.354052,-0.261775,-0.229237,-0.153787,0.046201,0.403816,0.514486,0.264528,0.056043,0.071395,0.093581,0.183975,0.376049,0.615021,0.672077,-0.059021,-0.013788,0.017201,0.122784,0.360797,0.651643,0.711781,0.089877,0.156301,0.379276,0.696395,0.885784,0.920147,0.147031,0.487623,0.741727,0.892111,0.942646,0.470847,0.678750,0.873869,0.928950,0.765623,0.934211,0.972990,0.968074,1.000000,0.879276
30Y-20Y,-0.572202,-0.672753,-0.605408,-0.465120,-0.350493,-0.348896,-0.318087,-0.197216,0.082120,0.291801,-0.730680,-0.445639,-0.083636,0.026660,0.041093,0.103248,0.286215,0.546607,0.663195,0.356988,0.296700,0.329157,0.329193,0.404174,0.568039,0.717621,0.780647,0.205819,0.265063,0.268149,0.358603,0.562999,0.742752,0.810940,0.306018,0.306626,0.433858,0.657240,0.754409,0.833571,0.078971,0.294431,0.530536,0.656696,0.768306,0.294327,0.498045,0.651626,0.767015,0.601885,0.716583,0.829937,0.731810,0.879276,1.000000
