,3M-1M,6M-1M,1Y-1M,2Y-1M,3Y-1M,5Y-1M,7Y-1M,10Y-1M,20Y-1M,30Y-1M,6M-3M,1Y-3M,2Y-3M,3Y-3M,5Y-3M,7Y-3M,10Y-3M,20Y-3M,30Y-3M,1Y-6M,2Y-6M,3Y-6M,5Y-6M,7Y-6M,10Y-6M,20Y-6M,30Y-6M,2Y-1Y,3Y-1Y,5Y-1Y,7Y-1Y,10Y-1Y,20Y-1Y,30Y-1Y,3Y-2Y,5Y-2Y,7Y-2Y,10Y-2Y,20Y-2Y,30Y-2Y,5Y-3Y,7Y-3Y,10Y-3Y,20Y-3Y,30Y-3Y,7Y-5Y,10Y-5Y,20Y-5Y,30Y-5Y,10Y-7Y,20Y-7Y,30Y-7Y,20Y-10Y,30Y-10Y,30Y-20Y
3M-1M,1.000000,0.983926,0.958874,0.801267,0.722481,0.661223,0.638646,0.647584,0.589817,0.606311,0.796008,0.815316,0.597584,0.566594,0.528996,0.494685,0.502759,0.416763,0.429738,0.751963,0.502187,0.506201,0.481836,0.442105,0.449854,0.351876,0.362635,0.369573,0.435447,0.427568,0.379667,0.385830,0.270563,0.277552,0.479455,0.436962,0.363001,0.362401,0.182001,0.176208,0.378230,0.206952,0.191695,-0.179015,-0.172865,-0.583361,-0.455028,-0.669152,-0.493081,-0.037819,-0.645048,-0.404564,-0.672336,-0.447259,-0.034540
6M-1M,0.983926,1.000000,0.983414,0.823533,0.743937,0.683905,0.656844,0.667501,0.600854,0.617492,0.891303,0.883714,0.635078,0.596898,0.558174,0.518880,0.529080,0.433160,0.446593,0.793997,0.524166,0.526749,0.503773,0.458478,0.468283,0.359260,0.370067,0.382419,0.450912,0.445989,0.391771,0.400045,0.272340,0.279074,0.496775,0.457481,0.373967,0.376201,0.176770,0.170316,0.401572,0.210038,0.200022,-0.206515,-0.197678,-0.649755,-0.491310,-0.730518,-0.537579,-0.020683,-0.697532,-0.436826,-0.738127,-0.489916,-0.036184
1Y-1M,0.958874,0.983414,1.000000,0.892315,0.819617,0.760806,0.733845,0.739591,0.678261,0.690197,0.898693,0.946128,0.739184,0.694470,0.650651,0.611522,0.616670,0.526487,0.535628,0.891089,0.639237,0.629973,0.599901,0.554469,0.559199,0.455308,0.461895,0.494557,0.550512,0.538389,0.483334,0.485794,0.362266,0.363958,0.577540,0.534155,0.448359,0.439343,0.243858,0.224770,0.471557,0.271974,0.236461,-0.171768,-0.189273,-0.683513,-0.573236,-0.771535,-0.588642,-0.099742,-0.738105,-0.486959,-0.738359,-0.519541,-0.082343
2Y-1M,0.801267,0.823533,0.892315,1.000000,0.981218,0.947472,0.934775,0.926181,0.899074,0.885235,0.756941,0.906246,0.958550,0.933474,0.896324,0.874165,0.864889,0.814003,0.797860,0.930204,0.914763,0.902609,0.869842,0.841759,0.832382,0.767818,0.749684,0.833645,0.855320,0.829179,0.792063,0.779228,0.695987,0.671477,0.828986,0.783060,0.721492,0.681313,0.540362,0.464626,0.710285,0.549689,0.439781,0.092551,-0.056581,-0.590183,-0.667730,-0.733589,-0.659363,-0.325002,-0.732703,-0.599675,-0.609003,-0.569671,-0.288943
3Y-1M,0.722481,0.743937,0.819617,0.981218,1.000000,0.989530,0.982964,0.977117,0.958983,0.938085,0.687187,0.847820,0.970899,0.979057,0.961155,0.946443,0.940940,0.900914,0.878252,0.885702,0.943252,0.959894,0.943997,0.923684,0.918597,0.865001,0.840698,0.886427,0.929492,0.916471,0.887779,0.879885,0.808186,0.777629,0.921301,0.884742,0.836092,0.801163,0.677811,0.588165,0.818990,0.680929,0.575837,0.240532,0.045878,-0.532682,-0.609000,-0.682612,-0.649755,-0.302085,-0.690320,-0.606047,-0.576034,-0.584871,-0.345394
5Y-1M,0.661223,0.683905,0.760806,0.947472,0.989530,1.000000,0.997554,0.995627,0.982685,0.961661,0.639245,0.797729,0.954847,0.984617,0.986413,0.976801,0.976144,0.942737,0.920870,0.838791,0.935343,0.971763,0.974763,0.959830,0.960000,0.913218,0.890108,0.893407,0.952098,0.956502,0.933772,0.931841,0.867544,0.838817,0.958971,0.940850,0.901667,0.874777,0.763445,0.674237,0.893231,0.772938,0.680279,0.353558,0.141707,-0.485948,-0.541922,-0.633206,-0.617478,-0.256710,-0.644589,-0.582205,-0.551784,-0.573479,-0.351570
7Y-1M,0.638646,0.656844,0.733845,0.934775,0.982964,0.997554,1.000000,0.997001,0.990997,0.970047,0.604844,0.768485,0.948583,0.983440,0.988590,0.984680,0.982937,0.957674,0.936233,0.816138,0.935554,0.974764,0.980147,0.971256,0.970392,0.932183,0.909734,0.901947,0.959888,0.965445,0.949391,0.946422,0.891515,0.863750,0.965529,0.949543,0.920409,0.891621,0.794500,0.705700,0.903958,0.803932,0.706437,0.402001,0.183351,-0.423662,-0.506323,-0.586893,-0.585166,-0.270626,-0.611281,-0.563127,-0.508364,-0.546943,-0.353016
10Y-1M,0.647584,0.667501,0.739591,0.926181,0.977117,0.995627,0.997001,1.000000,0.991029,0.975967,0.618272,0.770010,0.932810,0.973840,0.984454,0.979268,0.984267,0.955500,0.940642,0.808731,0.915064,0.962855,0.974605,0.964358,0.970500,0.928573,0.912898,0.878371,0.947668,0.960361,0.942869,0.947589,0.888693,0.868356,0.965899,0.954901,0.924021,0.907038,0.804766,0.727459,0.914515,0.810903,0.736558,0.419903,0.215973,-0.436197,-0.461045,-0.577635,-0.561685,-0.195315,-0.591693,-0.531404,-0.528625,-0.536966,-0.317330
20Y-1M,0.589817,0.600854,0.678261,0.899074,0.958983,0.982685,0.990997,0.991029,1.000000,0.987568,0.539044,0.710797,0.923992,0.969237,0.982464,0.985577,0.987485,0.979877,0.968760,0.769930,0.921832,0.967750,0.979675,0.978321,0.981435,0.961854,0.950542,0.901215,0.960728,0.971124,0.963489,0.965052,0.930619,0.915453,0.967966,0.958451,0.942152,0.919892,0.854202,0.782634,0.919552,0.845659,0.759742,0.505809,0.297655,-0.343560,-0.418813,-0.478838,-0.484720,-0.230826,-0.499822,-0.468743,-0.410435,-0.453343,-0.303429
30Y-1M,0.606311,0.617492,0.690197,0.885235,0.938085,0.961661,0.970047,0.975967,0.987568,1.000000,0.553560,0.716329,0.897592,0.939475,0.955069,0.958179,0.966573,0.961807,0.978609,0.768304,0.889207,0.934187,0.949690,0.948376,0.958174,0.941647,0.959248,0.859967,0.922593,0.938459,0.930972,0.939825,0.908906,0.925195,0.935276,0.932228,0.916546,0.906105,0.846745,0.823192,0.901062,0.829800,0.768300,0.526837,0.389078,-0.333058,-0.354603,-0.431149,-0.378089,-0.152689,-0.437773,-0.345520,-0.386622,-0.340223,-0.149878
6M-3M,0.796008,0.891303,0.898693,0.756941,0.687187,0.639245,0.604844,0.618272,0.539044,0.553560,1.000000,0.925258,0.635325,0.584597,0.548806,0.502733,0.516807,0.410031,0.422616,0.782012,0.501605,0.500166,0.484155,0.431505,0.445062,0.324298,0.333607,0.357858,0.422762,0.426082,0.363931,0.376329,0.236135,0.241214,0.466480,0.441182,0.345898,0.354994,0.137060,0.129892,0.400800,0.186470,0.191260,-0.245462,-0.231124,-0.721186,-0.509974,-0.777111,-0.570190,0.025918,-0.726503,-0.453432,-0.794815,-0.524978,-0.034947
1Y-3M,0.815316,0.883714,0.946128,0.906246,0.847820,0.797729,0.768485,0.770010,0.710797,0.716329,0.925258,1.000000,0.826218,0.770354,0.723857,0.683174,0.684466,0.598595,0.602440,0.959991,0.731154,0.707677,0.674127,0.626769,0.627577,0.527413,0.528575,0.587291,0.626292,0.610549,0.552883,0.550869,0.430367,0.425847,0.631225,0.591195,0.500545,0.482836,0.289845,0.257515,0.530496,0.318737,0.263697,-0.146188,-0.188914,-0.728875,-0.650312,-0.810570,-0.638330,-0.160330,-0.769872,-0.531874,-0.739259,-0.549636,-0.128577
2Y-3M,0.597584,0.635078,0.739184,0.958550,0.970899,0.954847,0.948583,0.932810,0.923992,0.897592,0.635325,0.826218,1.000000,0.981152,0.949272,0.935915,0.919639,0.892398,0.864586,0.888494,0.986749,0.968549,0.936241,0.917527,0.901269,0.861405,0.831979,0.941193,0.938870,0.907591,0.880661,0.860526,0.803864,0.767689,0.882622,0.841311,0.794023,0.740464,0.637481,0.538745,0.771752,0.638099,0.498075,0.209280,0.006495,-0.513114,-0.678151,-0.664442,-0.648818,-0.417534,-0.674733,-0.610981,-0.495963,-0.550439,-0.370772
3Y-3M,0.566594,0.596898,0.694470,0.933474,0.979057,0.984617,0.983440,0.973840,0.969237,0.939475,0.584597,0.770354,0.981152,1.000000,0.989735,0.982305,0.973369,0.950988,0.920159,0.834156,0.976292,0.994945,0.983173,0.970663,0.962318,0.927293,0.895161,0.947617,0.979545,0.966347,0.946256,0.935034,0.883525,0.845049,0.956825,0.925767,0.889564,0.848112,0.754222,0.649087,0.864697,0.750590,0.629835,0.339378,0.105578,-0.463074,-0.591818,-0.616499,-0.629185,-0.348887,-0.632783,-0.603158,-0.488541,-0.565349,-0.401469
5Y-3M,0.528996,0.558174,0.650651,0.896324,0.961155,0.986413,0.988590,0.984454,0.982464,0.955069,0.548806,0.723857,0.949272,0.989735,1.000000,0.996641,0.994129,0.975171,0.947592,0.784181,0.948100,0.988419,0.997148,0.988957,0.987452,0.955988,0.927489,0.929702,0.981668,0.988376,0.973153,0.969619,0.922127,0.888100,0.979806,0.968613,0.940485,0.910198,0.823763,0.724119,0.927607,0.829038,0.727562,0.439151,0.198157,-0.421962,-0.513383,-0.569755,-0.590521,-0.282111,-0.587909,-0.570003,-0.476952,-0.550783,-0.390137
7Y-3M,0.494685,0.518880,0.611522,0.874165,0.946443,0.976801,0.984680,0.979268,0.985577,0.958179,0.502733,0.683174,0.935915,0.982305,0.996641,1.000000,0.996202,0.987156,0.960000,0.751349,0.942817,0.986191,0.997791,0.996754,0.994022,0.973070,0.945278,0.934911,0.985423,0.993484,0.986207,0.981458,0.945565,0.912624,0.981822,0.973397,0.957252,0.924874,0.856065,0.757088,0.935221,0.861063,0.754411,0.494584,0.246248,-0.346293,-0.468730,-0.511205,-0.549153,-0.297074,-0.544211,-0.544320,-0.421793,-0.516367,-0.390869
10Y-3M,0.502759,0.529080,0.616670,0.864889,0.940940,0.976144,0.982937,0.984267,0.987485,0.966573,0.516807,0.684466,0.919639,0.973369,0.994129,0.996202,1.000000,0.987307,0.967443,0.743083,0.921627,0.974913,0.993892,0.991479,0.996650,0.971806,0.951529,0.910752,0.974090,0.990316,0.981580,0.985506,0.945420,0.920729,0.984567,0.981944,0.964063,0.944935,0.870747,0.784391,0.949748,0.871923,0.791122,0.517860,0.285089,-0.359565,-0.417511,-0.500123,-0.522856,-0.212801,-0.521660,-0.509030,-0.443786,-0.505439,-0.351979
20Y-3M,0.416763,0.433160,0.526487,0.814003,0.900914,0.942737,0.957674,0.955500,0.979877,0.961807,0.410031,0.598595,0.892398,0.950988,0.975171,0.987156,0.987307,1.000000,0.984279,0.680817,0.913546,0.964242,0.983688,0.991984,0.993574,0.995751,0.980357,0.923117,0.973826,0.987476,0.990722,0.990957,0.980688,0.961889,0.971096,0.970889,0.970823,0.945913,0.916559,0.837429,0.941619,0.900775,0.807833,0.613619,0.377787,-0.242542,-0.358972,-0.373614,-0.423755,-0.250485,-0.403194,-0.427650,-0.295829,-0.399762,-0.333022
30Y-3M,0.429738,0.446593,0.535628,0.797860,0.878252,0.920870,0.936233,0.940642,0.968760,0.978609,0.422616,0.602440,0.864586,0.920159,0.947592,0.960000,0.967443,0.984279,1.000000,0.677844,0.879745,0.929780,0.953686,0.962473,0.971593,0.978175,0.995376,0.880852,0.934919,0.954973,0.958864,0.967322,0.962034,0.978722,0.937935,0.945468,0.946796,0.935095,0.914364,0.889120,0.925274,0.888669,0.822785,0.644517,0.486505,-0.227257,-0.284921,-0.316441,-0.301744,-0.163589,-0.330198,-0.287663,-0.265058,-0.270603,-0.161246
1Y-6M,0.751963,0.793997,0.891089,0.930204,0.885702,0.838791,0.816138,0.808731,0.769930,0.768304,0.782012,0.959991,0.888494,0.834156,0.784181,0.751349,0.743083,0.680817,0.677844,1.000000,0.831015,0.793503,0.750199,0.711257,0.702575,0.627153,0.622190,0.700759,0.716926,0.688610,0.639743,0.627282,0.532787,0.521611,0.692759,0.645664,0.567063,0.531252,0.375043,0.327217,0.575744,0.386039,0.292071,-0.058988,-0.139773,-0.665173,-0.692011,-0.758116,-0.627872,-0.282559,-0.728607,-0.539154,-0.627881,-0.515523,-0.185457
2Y-6M,0.502187,0.524166,0.639237,0.914763,0.943252,0.935343,0.935554,0.915064,0.921832,0.889207,0.501605,0.731154,0.986749,0.976292,0.948100,0.942817,0.921627,0.913546,0.879745,0.831015,1.000000,0.979914,0.947086,0.937184,0.916123,0.896839,0.861919,0.979169,0.962930,0.927192,0.910084,0.884923,0.850904,0.809312,0.890734,0.849771,0.816818,0.754908,0.685332,0.576230,0.780333,0.675642,0.517776,0.286017,0.055837,-0.423281,-0.652539,-0.581054,-0.607027,-0.473182,-0.603216,-0.589173,-0.388598,-0.506319,-0.408009
3Y-6M,0.506201,0.526749,0.629973,0.902609,0.959894,0.971763,0.974764,0.962855,0.967750,0.934187,0.500166,0.707677,0.968549,0.994945,0.988419,0.986191,0.974913,0.964242,0.929780,0.793503,0.979914,1.000000,0.989417,0.982583,0.971998,0.949564,0.914116,0.967102,0.993145,0.978647,0.964897,0.951386,0.913762,0.872067,0.963484,0.933467,0.906621,0.861254,0.788019,0.676696,0.873285,0.778027,0.648552,0.392602,0.141292,-0.404975,-0.568527,-0.561804,-0.600956,-0.375577,-0.585447,-0.587628,-0.423042,-0.538419,-0.424164
5Y-6M,0.481836,0.503773,0.599901,0.869842,0.943997,0.974763,0.980147,0.974605,0.979675,0.949690,0.484155,0.674127,0.936241,0.983173,0.997148,0.997791,0.993892,0.983688,0.953686,0.750199,0.947086,0.989417,1.000000,0.996179,0.993380,0.971349,0.940679,0.940806,0.989339,0.996060,0.985738,0.980919,0.943866,0.907792,0.983443,0.974012,0.953173,0.920650,0.849854,0.746204,0.934736,0.850914,0.744267,0.481816,0.228274,-0.376559,-0.491316,-0.526204,-0.566619,-0.297624,-0.549774,-0.555684,-0.427469,-0.529107,-0.405199
7Y-6M,0.442105,0.458478,0.554469,0.841759,0.923684,0.959830,0.971256,0.964358,0.978321,0.948376,0.431505,0.626769,0.917527,0.970663,0.988957,0.996754,0.991479,0.991984,0.962473,0.711257,0.937184,0.982583,0.996179,1.000000,0.995886,0.985269,0.955399,0.942322,0.988990,0.997093,0.995287,0.989177,0.964777,0.929927,0.981160,0.974724,0.966750,0.932114,0.880603,0.777981,0.938645,0.881218,0.769472,0.538997,0.278505,-0.294215,-0.441659,-0.461105,-0.519978,-0.312434,-0.500263,-0.525809,-0.366148,-0.489974,-0.404647
10Y-6M,0.449854,0.468283,0.559199,0.832382,0.918597,0.960000,0.970392,0.970500,0.981435,0.958174,0.445062,0.627577,0.901269,0.962318,0.987452,0.994022,0.996650,0.993574,0.971593,0.702575,0.916123,0.971998,0.993380,0.995886,1.000000,0.985549,0.963449,0.918480,0.978532,0.995187,0.991987,0.994909,0.966371,0.940058,0.985315,0.984988,0.975386,0.954509,0.897725,0.808080,0.955167,0.894235,0.809258,0.565140,0.320288,-0.307219,-0.388008,-0.448902,-0.492449,-0.225070,-0.476266,-0.489139,-0.388281,-0.478549,-0.364839
20Y-6M,0.351876,0.359260,0.455308,0.767818,0.865001,0.913218,0.932183,0.928573,0.961854,0.941647,0.324298,0.527413,0.861405,0.927293,0.955988,0.973070,0.971806,0.995751,0.978175,0.627153,0.896839,0.949564,0.971349,0.985269,0.985549,1.000000,0.983095,0.921279,0.967319,0.981141,0.990783,0.989775,0.993279,0.973269,0.960074,0.962413,0.971965,0.945212,0.936770,0.855425,0.936132,0.915412,0.818533,0.661198,0.415157,-0.178737,-0.320818,-0.309032,-0.381928,-0.262407,-0.344820,-0.397756,-0.226569,-0.361608,-0.341865
30Y-6M,0.362635,0.370067,0.461895,0.749684,0.840698,0.890108,0.909734,0.912898,0.950542,0.959248,0.333607,0.528575,0.831979,0.895161,0.927489,0.945278,0.951529,0.980357,0.995376,0.622190,0.861919,0.914116,0.940679,0.955399,0.963449,0.983095,1.000000,0.878305,0.927665,0.948173,0.958808,0.966291,0.975649,0.992470,0.926170,0.936686,0.948166,0.935031,0.936565,0.911066,0.919961,0.904601,0.835563,0.696420,0.530542,-0.159951,-0.242316,-0.246790,-0.253433,-0.172907,-0.266463,-0.251160,-0.191467,-0.225833,-0.164019
2Y-1Y,0.369573,0.382419,0.494557,0.833645,0.886427,0.893407,0.901947,0.878371,0.901215,0.859967,0.357858,0.587291,0.941193,0.947617,0.929702,0.934911,0.910752,0.923117,0.880852,0.700759,0.979169,0.967102,0.940806,0.942322,0.918480,0.921279,0.878305,1.000000,0.973272,0.937774,0.933670,0.905949,0.896813,0.847551,0.889501,0.854157,0.840585,0.774257,0.742046,0.619580,0.790624,0.725605,0.557440,0.388353,0.122633,-0.300056,-0.584287,-0.468475,-0.549329,-0.503721,-0.507670,-0.558815,-0.269188,-0.461181,-0.455580
3Y-1Y,0.435447,0.450912,0.550512,0.855320,0.929492,0.952098,0.959888,0.947668,0.960728,0.922593,0.422762,0.626292,0.938870,0.979545,0.981668,0.985423,0.974090,0.973826,0.934919,0.716926,0.962930,0.993145,0.989339,0.988990,0.978532,0.967319,0.927665,0.973272,1.000000,0.988832,0.982466,0.969381,0.944432,0.898815,0.970664,0.945323,0.929668,0.884575,0.830685,0.712345,0.889812,0.817127,0.686854,0.461080,0.188706,-0.336157,-0.518361,-0.497961,-0.567830,-0.375973,-0.530715,-0.569603,-0.364017,-0.517770,-0.450283
5Y-1Y,0.427568,0.445989,0.538389,0.829179,0.916471,0.956502,0.965445,0.960361,0.971124,0.938459,0.426082,0.610549,0.907591,0.966347,0.988376,0.993484,0.990316,0.987476,0.954973,0.688610,0.927192,0.978647,0.996060,0.997093,0.995187,0.981141,0.948173,0.937774,0.988832,1.000000,0.995233,0.991619,0.963658,0.925595,0.985607,0.981579,0.969267,0.938403,0.881712,0.774457,0.947884,0.881401,0.777046,0.536305,0.269087,-0.323753,-0.446005,-0.475400,-0.537190,-0.288501,-0.505207,-0.537095,-0.384587,-0.511119,-0.419498
7Y-1Y,0.379667,0.391771,0.483334,0.792063,0.887779,0.933772,0.949391,0.942869,0.963489,0.930972,0.363931,0.552883,0.880661,0.946256,0.973153,0.986207,0.981580,0.990722,0.958864,0.639743,0.910084,0.964897,0.985738,0.995287,0.991987,0.990783,0.958808,0.933670,0.982466,0.995233,1.000000,0.995038,0.981394,0.944831,0.977240,0.976699,0.978823,0.945892,0.911119,0.805509,0.946896,0.910274,0.801053,0.597479,0.323800,-0.229936,-0.387450,-0.399593,-0.481932,-0.302638,-0.446479,-0.500546,-0.313732,-0.464624,-0.416859
10Y-1Y,0.385830,0.400045,0.485794,0.779228,0.879885,0.931841,0.946422,0.947589,0.965052,0.939825,0.376329,0.550869,0.860526,0.935034,0.969619,0.981458,0.985506,0.990957,0.967322,0.627282,0.884923,0.951386,0.980919,0.989177,0.994909,0.989775,0.966291,0.905949,0.969381,0.991619,0.995038,1.000000,0.982151,0.954937,0.980227,0.986539,0.987163,0.969387,0.929364,0.838029,0.963805,0.923988,0.844296,0.626849,0.370321,-0.242020,-0.326635,-0.383916,-0.450019,-0.206302,-0.418042,-0.458962,-0.336016,-0.450719,-0.373018
20Y-1Y,0.270563,0.272340,0.362266,0.695987,0.808186,0.867544,0.891515,0.888693,0.930619,0.908906,0.236135,0.430367,0.803864,0.883525,0.922127,0.945565,0.945420,0.980688,0.962034,0.532787,0.850904,0.913762,0.943866,0.964777,0.966371,0.993279,0.975649,0.896813,0.944432,0.963658,0.981394,0.982151,1.000000,0.979920,0.940152,0.949692,0.971749,0.948004,0.962045,0.880772,0.931528,0.937206,0.845913,0.727140,0.471827,-0.095349,-0.245729,-0.223100,-0.321654,-0.243111,-0.266368,-0.352034,-0.152859,-0.316272,-0.343869
30Y-1Y,0.277552,0.279074,0.363958,0.671477,0.777629,0.838817,0.863750,0.868356,0.915453,0.925195,0.241214,0.425847,0.767689,0.845049,0.888100,0.912624,0.920729,0.961889,0.978722,0.521611,0.809312,0.872067,0.907792,0.929927,0.940058,0.973269,0.992470,0.847551,0.898815,0.925595,0.944831,0.954937,0.979920,1.000000,0.900966,0.919796,0.944605,0.935894,0.962006,0.941701,0.912508,0.925451,0.864914,0.768203,0.600065,-0.070242,-0.155806,-0.150338,-0.177957,-0.144227,-0.176395,-0.189361,-0.110423,-0.165456,-0.149734
3Y-2Y,0.479455,0.496775,0.577540,0.828986,0.921301,0.958971,0.965529,0.965899,0.967966,0.935276,0.466480,0.631225,0.882622,0.956825,0.979806,0.981822,0.984567,0.971096,0.937935,0.692759,0.890734,0.963484,0.983443,0.981160,0.985315,0.960074,0.926170,0.889501,0.970664,0.985607,0.977240,0.980227,0.940152,0.900966,1.000000,0.986585,0.969645,0.949370,0.875872,0.768634,0.942653,0.866109,0.782974,0.510792,0.247064,-0.354685,-0.419630,-0.500289,-0.554652,-0.220677,-0.524422,-0.548249,-0.442433,-0.547338,-0.418927
5Y-2Y,0.436962,0.457481,0.534155,0.783060,0.884742,0.940850,0.949543,0.954901,0.958451,0.932228,0.441182,0.591195,0.841311,0.925767,0.968613,0.973397,0.981944,0.970889,0.945468,0.645664,0.849771,0.933467,0.974012,0.974724,0.984988,0.962413,0.936686,0.854157,0.945323,0.981579,0.976699,0.986539,0.949692,0.919796,0.986585,1.000000,0.989029,0.979302,0.912128,0.818890,0.984496,0.920708,0.856957,0.589468,0.335497,-0.319743,-0.346436,-0.454176,-0.502224,-0.154894,-0.477248,-0.496863,-0.427828,-0.511681,-0.377556
7Y-2Y,0.363001,0.373967,0.448359,0.721492,0.836092,0.901667,0.920409,0.924021,0.942152,0.916546,0.345898,0.500545,0.794023,0.889564,0.940485,0.957252,0.964063,0.970823,0.946796,0.567063,0.816818,0.906621,0.953173,0.966750,0.975386,0.971965,0.948166,0.840585,0.929668,0.969267,0.978823,0.987163,0.971749,0.944605,0.969645,0.989029,1.000000,0.988105,0.953922,0.864187,0.980267,0.962041,0.892966,0.681709,0.419651,-0.176269,-0.252045,-0.336608,-0.414931,-0.169817,-0.385120,-0.437662,-0.320655,-0.439137,-0.370094
10Y-2Y,0.362401,0.376201,0.439343,0.681313,0.801163,0.874777,0.891621,0.907038,0.919892,0.906105,0.354994,0.482836,0.740464,0.848112,0.910198,0.924874,0.944935,0.945913,0.935095,0.531252,0.754908,0.861254,0.920650,0.932114,0.954509,0.945212,0.935031,0.774257,0.884575,0.938403,0.945892,0.969387,0.948004,0.935894,0.949370,0.979302,0.988105,1.000000,0.958856,0.893353,0.982165,0.960354,0.938757,0.711782,0.482429,-0.187752,-0.149397,-0.302183,-0.354103,-0.016249,-0.330464,-0.361969,-0.346159,-0.406270,-0.293372
20Y-2Y,0.182001,0.176770,0.243858,0.540362,0.677811,0.763445,0.794500,0.804766,0.854202,0.846745,0.137060,0.289845,0.637481,0.754222,0.823763,0.856065,0.870747,0.916559,0.914364,0.375043,0.685332,0.788019,0.849854,0.880603,0.897725,0.936770,0.936565,0.742046,0.830685,0.881712,0.911119,0.929364,0.962045,0.962006,0.875872,0.912128,0.953922,0.958856,1.000000,0.952394,0.923795,0.972504,0.937903,0.862233,0.639281,0.040608,-0.011930,-0.049078,-0.148536,-0.057658,-0.090463,-0.188718,-0.065574,-0.194753,-0.240024
30Y-2Y,0.176208,0.170316,0.224770,0.464626,0.588165,0.674237,0.705700,0.727459,0.782634,0.823192,0.129892,0.257515,0.538745,0.649087,0.724119,0.757088,0.784391,0.837429,0.889120,0.327217,0.576230,0.676696,0.746204,0.777981,0.808080,0.855425,0.911066,0.619580,0.712345,0.774457,0.805509,0.838029,0.880772,0.941701,0.768634,0.818890,0.864187,0.893353,0.952394,1.000000,0.848388,0.908751,0.925826,0.889982,0.809760,0.086335,0.139975,0.074642,0.085052,0.106025,0.060951,0.074199,0.007337,0.047658,0.067361
5Y-3Y,0.378230,0.401572,0.471557,0.710285,0.818990,0.893231,0.903958,0.914515,0.919552,0.901062,0.400800,0.530496,0.771752,0.864697,0.927607,0.935221,0.949748,0.941619,0.925274,0.575744,0.780333,0.873285,0.934736,0.938645,0.955167,0.936132,0.919961,0.790624,0.889812,0.947884,0.946896,0.963805,0.931528,0.912508,0.942653,0.984496,0.980267,0.982165,0.923795,0.848388,1.000000,0.951827,0.910811,0.656368,0.420478,-0.272632,-0.257426,-0.391040,-0.430864,-0.079578,-0.412283,-0.426784,-0.399335,-0.458059,-0.321807
7Y-3Y,0.206952,0.210038,0.271974,0.549689,0.680929,0.772938,0.803932,0.810903,0.845659,0.829800,0.186470,0.318737,0.638099,0.750590,0.829038,0.861063,0.871923,0.900775,0.888669,0.386039,0.675642,0.778027,0.850914,0.881218,0.894235,0.915412,0.904601,0.725605,0.817127,0.881401,0.910274,0.923988,0.937206,0.925451,0.866109,0.920708,0.962041,0.960354,0.972504,0.908751,0.951827,1.000000,0.951578,0.823494,0.582127,0.035521,-0.046899,-0.129744,-0.229183,-0.100853,-0.201981,-0.282798,-0.161704,-0.286829,-0.289006
10Y-3Y,0.191695,0.200022,0.236461,0.439781,0.575837,0.680279,0.706437,0.736558,0.759742,0.768300,0.191260,0.263697,0.498075,0.629835,0.727562,0.754411,0.791122,0.807833,0.822785,0.292071,0.517776,0.648552,0.744267,0.769472,0.809258,0.818533,0.835563,0.557440,0.686854,0.777046,0.801053,0.844296,0.845913,0.864914,0.782974,0.856957,0.892966,0.938757,0.937903,0.925826,0.910811,0.951578,1.000000,0.849113,0.684247,0.017269,0.164445,-0.049609,-0.092786,0.209870,-0.079137,-0.115385,-0.200141,-0.204102,-0.121401
20Y-3Y,-0.179015,-0.206515,-0.171768,0.092551,0.240532,0.353558,0.402001,0.419903,0.505809,0.526837,-0.245462,-0.146188,0.209280,0.339378,0.439151,0.494584,0.517860,0.613619,0.644517,-0.058988,0.286017,0.392602,0.481816,0.538997,0.565140,0.661198,0.696420,0.388353,0.461080,0.536305,0.597479,0.626849,0.727140,0.768203,0.510792,0.589468,0.681709,0.711782,0.862233,0.889982,0.656368,0.823494,0.849113,1.000000,0.879613,0.444650,0.419218,0.437702,0.317569,0.128914,0.389301,0.239259,0.347582,0.227550,0.012106
30Y-3Y,-0.172865,-0.197678,-0.189273,-0.056581,0.045878,0.141707,0.183351,0.215973,0.297655,0.389078,-0.231124,-0.188914,0.006495,0.105578,0.198157,0.246248,0.285089,0.377787,0.486505,-0.139773,0.055837,0.141292,0.228274,0.278505,0.320288,0.415157,0.530542,0.122633,0.188706,0.269087,0.323800,0.370321,0.471827,0.600065,0.247064,0.335497,0.419651,0.482429,0.639281,0.809760,0.420478,0.582127,0.684247,0.879613,1.000000,0.456119,0.596943,0.571963,0.637596,0.363024,0.573360,0.615283,0.416940,0.574243,0.486303
7Y-5Y,-0.583361,-0.649755,-0.683513,-0.590183,-0.532682,-0.485948,-0.423662,-0.436197,-0.343560,-0.333058,-0.721186,-0.728875,-0.513114,-0.463074,-0.421962,-0.346293,-0.359565,-0.242542,-0.227257,-0.665173,-0.423281,-0.404975,-0.376559,-0.294215,-0.307219,-0.178737,-0.159951,-0.300056,-0.336157,-0.323753,-0.229936,-0.242020,-0.095349,-0.070242,-0.354685,-0.319743,-0.176269,-0.187752,0.040608,0.086335,-0.272632,0.035521,0.017269,0.444650,0.456119,1.000000,0.691836,0.867361,0.685148,-0.057088,0.709941,0.503627,0.794117,0.592910,0.142014
10Y-5Y,-0.455028,-0.491310,-0.573236,-0.667730,-0.609000,-0.541922,-0.506323,-0.461045,-0.418813,-0.354603,-0.509974,-0.650312,-0.678151,-0.591818,-0.513383,-0.468730,-0.417511,-0.358972,-0.284921,-0.692011,-0.652539,-0.568527,-0.491316,-0.441659,-0.388008,-0.320818,-0.242316,-0.584287,-0.518361,-0.446005,-0.387450,-0.326635,-0.245729,-0.155806,-0.419630,-0.346436,-0.252045,-0.149397,-0.011930,0.139975,-0.257426,-0.046899,0.164445,0.419218,0.596943,0.691836,1.000000,0.818215,0.812303,0.681381,0.799855,0.749659,0.485686,0.616727,0.484750
20Y-5Y,-0.669152,-0.730518,-0.771535,-0.733589,-0.682612,-0.633206,-0.586893,-0.577635,-0.478838,-0.431149,-0.777111,-0.810570,-0.664442,-0.616499,-0.569755,-0.511205,-0.500123,-0.373614,-0.316441,-0.758116,-0.581054,-0.561804,-0.526204,-0.461105,-0.448902,-0.309032,-0.246790,-0.468475,-0.497961,-0.475400,-0.399593,-0.383916,-0.223100,-0.150338,-0.500289,-0.454176,-0.336608,-0.302183,-0.049078,0.074642,-0.391040,-0.129744,-0.049609,0.437702,0.571963,0.867361,0.818215,1.000000,0.900907,0.252105,0.966271,0.800511,0.899946,0.823500,0.398289
30Y-5Y,-0.493081,-0.537579,-0.588642,-0.659363,-0.649755,-0.617478,-0.585166,-0.561685,-0.484720,-0.378089,-0.570190,-0.638330,-0.648818,-0.629185,-0.590521,-0.549153,-0.522856,-0.423755,-0.301744,-0.627872,-0.607027,-0.600956,-0.566619,-0.519978,-0.492449,-0.381928,-0.253433,-0.549329,-0.567830,-0.537190,-0.481932,-0.450019,-0.321654,-0.177957,-0.554652,-0.502224,-0.414931,-0.354103,-0.148536,0.085052,-0.430864,-0.229183,-0.092786,0.317569,0.637596,0.685148,0.812303,0.900907,1.000000,0.428637,0.920332,0.974343,0.753761,0.960079,0.756924
10Y-7Y,-0.037819,-0.020683,-0.099742,-0.325002,-0.302085,-0.256710,-0.270626,-0.195315,-0.230826,-0.152689,0.025918,-0.160330,-0.417534,-0.348887,-0.282111,-0.297074,-0.212801,-0.250485,-0.163589,-0.282559,-0.473182,-0.375577,-0.297624,-0.312434,-0.225070,-0.262407,-0.172907,-0.503721,-0.375973,-0.288501,-0.302638,-0.206302,-0.243111,-0.144227,-0.220677,-0.154894,-0.169817,-0.016249,-0.057658,0.106025,-0.079578,-0.100853,0.209870,0.128914,0.363024,-0.057088,0.681381,0.252105,0.428637,1.000000,0.386293,0.526023,-0.133429,0.251717,0.526297
20Y-7Y,-0.645048,-0.697532,-0.738105,-0.732703,-0.690320,-0.644589,-0.611281,-0.591693,-0.499822,-0.437773,-0.726503,-0.769872,-0.674733,-0.632783,-0.587909,-0.544211,-0.521660,-0.403194,-0.330198,-0.728607,-0.603216,-0.585447,-0.549774,-0.500263,-0.476266,-0.344820,-0.266463,-0.507670,-0.530715,-0.505207,-0.446479,-0.418042,-0.266368,-0.176395,-0.524422,-0.477248,-0.385120,-0.330464,-0.090463,0.060951,-0.412283,-0.201981,-0.079137,0.389301,0.573360,0.709941,0.799855,0.966271,0.920332,0.386293,1.000000,0.872192,0.862586,0.858524,0.490130
30Y-7Y,-0.404564,-0.436826,-0.486959,-0.599675,-0.606047,-0.582205,-0.563127,-0.531404,-0.468743,-0.345520,-0.453432,-0.531874,-0.610981,-0.603158,-0.570003,-0.544320,-0.509030,-0.427650,-0.287663,-0.539154,-0.589173,-0.587628,-0.555684,-0.525809,-0.489139,-0.397756,-0.251160,-0.558815,-0.569603,-0.537095,-0.500546,-0.458962,-0.352034,-0.189361,-0.548249,-0.496863,-0.437662,-0.361969,-0.188718,0.074199,-0.426784,-0.282798,-0.115385,0.239259,0.615283,0.503627,0.749659,0.800511,0.974343,0.526023,0.872192,1.000000,0.648621,0.955495,0.853867
20Y-10Y,-0.672336,-0.738127,-0.738359,-0.609003,-0.576034,-0.551784,-0.508364,-0.528625,-0.410435,-0.386622,-0.794815,-0.739259,-0.495963,-0.488541,-0.476952,-0.421793,-0.443786,-0.295829,-0.265058,-0.627881,-0.388598,-0.423042,-0.427469,-0.366148,-0.388281,-0.226569,-0.191467,-0.269188,-0.364017,-0.384587,-0.313732,-0.336016,-0.152859,-0.110423,-0.442433,-0.427828,-0.320655,-0.346159,-0.065574,0.007337,-0.399335,-0.161704,-0.200141,0.347582,0.416940,0.794117,0.485686,0.899946,0.753761,-0.133429,0.862586,0.648621,1.000000,0.784388,0.237960
30Y-10Y,-0.447259,-0.489916,-0.519541,-0.569671,-0.584871,-0.573479,-0.546943,-0.536966,-0.453343,-0.340223,-0.524978,-0.549636,-0.550439,-0.565349,-0.550783,-0.516367,-0.505439,-0.399762,-0.270603,-0.515523,-0.506319,-0.538419,-0.529107,-0.489974,-0.478549,-0.361608,-0.225833,-0.461181,-0.517770,-0.511119,-0.464624,-0.450719,-0.316272,-0.165456,-0.547338,-0.511681,-0.439137,-0.406270,-0.194753,0.047658,-0.458059,-0.286829,-0.204102,0.227550,0.574243,0.592910,0.616727,0.823500,0.960079,0.251717,0.858524,0.955495,0.784388,1.000000,0.789106
30Y-20Y,-0.034540,-0.036184,-0.082343,-0.288943,-0.345394,-0.351570,-0.353016,-0.317330,-0.303429,-0.149878,-0.034947,-0.128577,-0.370772,-0.401469,-0.390137,-0.390869,-0.351979,-0.333022,-0.161246,-0.185457,-0.408009,-0.424164,-0.405199,-0.404647,-0.364839,-0.341865,-0.164019,-0.455580,-0.450283,-0.419498,-0.416859,-0.373018,-0.343869,-0.149734,-0.418927,-0.377556,-0.370094,-0.293372,-0.240024,0.067361,-0.321807,-0.289006,-0.121401,0.012106,0.486303,0.142014,0.484750,0.398289,0.756924,0.526297,0.490130,0.853867,0.237960,0.789106,1.000000
