,3M-1M,6M-1M,1Y-1M,2Y-1M,3Y-1M,5Y-1M,7Y-1M,10Y-1M,20Y-1M,30Y-1M,6M-3M,1Y-3M,2Y-3M,3Y-3M,5Y-3M,7Y-3M,10Y-3M,20Y-3M,30Y-3M,1Y-6M,2Y-6M,3Y-6M,5Y-6M,7Y-6M,10Y-6M,20Y-6M,30Y-6M,2Y-1Y,3Y-1Y,5Y-1Y,7Y-1Y,10Y-1Y,20Y-1Y,30Y-1Y,3Y-2Y,5Y-2Y,7Y-2Y,10Y-2Y,20Y-2Y,30Y-2Y,5Y-3Y,7Y-3Y,10Y-3Y,20Y-3Y,30Y-3Y,7Y-5Y,10Y-5Y,20Y-5Y,30Y-5Y,10Y-7Y,20Y-7Y,30Y-7Y,20Y-10Y,30Y-10Y,30Y-20Y
3M-1M,1.000000,0.769799,0.272706,0.064327,-0.014887,-0.085359,-0.027478,0.054165,0.359206,0.464602,-0.171440,-0.492604,-0.354863,-0.298831,-0.270040,-0.212791,-0.151968,0.177004,0.309275,-0.482036,-0.343361,-0.288986,-0.256965,-0.195200,-0.129260,0.204796,0.333970,-0.130445,-0.152619,-0.174007,-0.101666,-0.016211,0.298398,0.402497,-0.135365,-0.171952,-0.073281,0.027882,0.323255,0.409311,-0.166464,-0.029916,0.082990,0.358062,0.427030,0.176823,0.215188,0.398557,0.439641,0.213503,0.430006,0.463845,0.534345,0.541976,0.520357
6M-1M,0.769799,1.000000,0.550666,0.366412,0.303880,0.145378,0.143161,0.180457,0.387871,0.441793,0.496861,-0.070997,0.023710,0.070924,-0.003887,-0.003195,0.020367,0.253691,0.328442,-0.411759,-0.145275,-0.036366,-0.075533,-0.073342,-0.056158,0.182024,0.259736,0.105986,0.137354,0.016942,0.016766,0.043402,0.261604,0.320271,0.133268,-0.022880,-0.018800,0.010117,0.223967,0.275772,-0.115235,-0.084294,-0.040096,0.187276,0.236171,0.002118,0.036793,0.219807,0.250917,0.061247,0.271049,0.292316,0.382835,0.373375,0.327742
1Y-1M,0.272706,0.550666,1.000000,0.815216,0.782910,0.657227,0.545455,0.379575,0.160419,0.071396,0.479174,0.702932,0.650534,0.669601,0.583982,0.482460,0.319654,0.114142,0.024950,0.533938,0.572305,0.625677,0.540109,0.429821,0.253506,0.043514,-0.041993,0.426449,0.557718,0.486571,0.349567,0.134372,-0.074485,-0.143565,0.545034,0.454621,0.260039,-0.002940,-0.186926,-0.236406,0.324960,0.076652,-0.213066,-0.332053,-0.353830,-0.310651,-0.478788,-0.438341,-0.427004,-0.547886,-0.431648,-0.411728,-0.327065,-0.325514,-0.299716
2Y-1M,0.064327,0.366412,0.815216,1.000000,0.942191,0.862902,0.721066,0.509803,0.156673,0.010957,0.478096,0.689838,0.910154,0.880929,0.821824,0.692858,0.491398,0.152245,-0.000434,0.518841,0.867351,0.858185,0.788314,0.646876,0.429798,0.082221,-0.067286,0.871502,0.860180,0.775841,0.593948,0.324154,-0.034558,-0.163914,0.626276,0.643548,0.388113,0.047702,-0.268416,-0.361440,0.549384,0.199783,-0.188249,-0.434936,-0.493435,-0.392404,-0.611701,-0.624012,-0.627747,-0.703927,-0.632191,-0.623240,-0.540833,-0.547178,-0.522511
3Y-1M,-0.014887,0.303880,0.782910,0.942191,1.000000,0.934933,0.819578,0.632047,0.273597,0.102725,0.489280,0.719178,0.888880,0.958649,0.906289,0.803878,0.628686,0.291538,0.113141,0.546914,0.839329,0.941029,0.874795,0.759752,0.568853,0.221448,0.044991,0.808572,0.953034,0.868227,0.712473,0.463882,0.091212,-0.065938,0.851297,0.790990,0.552157,0.221097,-0.130024,-0.254386,0.625080,0.302326,-0.082817,-0.357424,-0.441540,-0.304558,-0.544918,-0.582753,-0.606491,-0.666681,-0.612386,-0.622954,-0.533425,-0.562955,-0.585624
5Y-1M,-0.085359,0.145378,0.657227,0.862902,0.934933,1.000000,0.948697,0.788656,0.372569,0.168516,0.340447,0.657591,0.843852,0.916606,0.982385,0.943191,0.798191,0.410136,0.197162,0.570254,0.839800,0.929065,0.975569,0.924355,0.765760,0.363767,0.150019,0.791162,0.927408,0.978244,0.889508,0.665834,0.220936,0.026286,0.824065,0.942133,0.769180,0.446082,-0.000094,-0.163570,0.861370,0.586178,0.176859,-0.220781,-0.347437,-0.098901,-0.416295,-0.551459,-0.601157,-0.627039,-0.646762,-0.674148,-0.611730,-0.650209,-0.685525
7Y-1M,-0.027478,0.143161,0.545455,0.721066,0.819578,0.948697,1.000000,0.932697,0.597770,0.401513,0.258329,0.513699,0.686944,0.790035,0.921952,0.982576,0.928868,0.635951,0.436403,0.450475,0.690165,0.808851,0.924356,0.976534,0.912504,0.604528,0.401302,0.664287,0.827917,0.949542,0.975936,0.850537,0.474899,0.281423,0.777771,0.958520,0.918409,0.690513,0.279301,0.106403,0.913658,0.793935,0.465412,0.069763,-0.075647,0.220808,-0.122094,-0.303548,-0.374411,-0.403751,-0.453808,-0.498719,-0.451955,-0.507107,-0.587162
10Y-1M,0.054165,0.180457,0.379575,0.509803,0.632047,0.788656,0.932697,1.000000,0.821534,0.662507,0.204892,0.303297,0.455128,0.587817,0.751980,0.901609,0.978703,0.855455,0.701202,0.231600,0.445570,0.598898,0.754777,0.900598,0.971896,0.834599,0.674193,0.474798,0.658474,0.809690,0.943858,0.967775,0.740210,0.575939,0.672265,0.856273,0.949519,0.883630,0.586539,0.428284,0.830066,0.880965,0.719923,0.403883,0.259950,0.502661,0.230712,0.039454,-0.044742,-0.046619,-0.129819,-0.192575,-0.172512,-0.243254,-0.374156
20Y-1M,0.359206,0.387871,0.160419,0.156673,0.273597,0.372569,0.597770,0.821534,1.000000,0.967781,0.110293,-0.120448,-0.002336,0.158885,0.292672,0.517512,0.739340,0.982103,0.971184,-0.217754,-0.040873,0.149247,0.289366,0.517962,0.741096,0.976917,0.958033,0.108856,0.286929,0.387706,0.626478,0.836273,0.972358,0.925811,0.391232,0.460341,0.705658,0.868598,0.909353,0.844180,0.427906,0.704140,0.811456,0.800517,0.726796,0.732059,0.625284,0.568687,0.509731,0.428315,0.443093,0.390641,0.419886,0.348566,0.175443
30Y-1M,0.464602,0.441793,0.071396,0.010957,0.102725,0.168516,0.401513,0.662507,0.967781,1.000000,0.050223,-0.278889,-0.182605,-0.034195,0.075713,0.306081,0.560261,0.926854,0.985795,-0.369563,-0.224663,-0.049137,0.071738,0.308464,0.566764,0.930048,0.981077,-0.043342,0.102295,0.175683,0.430255,0.690171,0.960866,0.976865,0.221846,0.247956,0.527814,0.763256,0.939308,0.928379,0.223646,0.558963,0.759984,0.875700,0.847138,0.743831,0.713039,0.720591,0.686398,0.568483,0.626745,0.593586,0.617363,0.565399,0.417679
6M-3M,-0.171440,0.496861,0.479174,0.478096,0.489280,0.340447,0.258329,0.204892,0.110293,0.050223,1.000000,0.560173,0.519078,0.515770,0.361154,0.284384,0.238055,0.150913,0.086452,0.019839,0.242611,0.336782,0.232790,0.152196,0.089065,0.002509,-0.053172,0.340945,0.419511,0.262735,0.164106,0.089033,-0.001923,-0.052906,0.389744,0.198475,0.070618,-0.022294,-0.093813,-0.130857,0.048463,-0.089434,-0.174724,-0.197769,-0.216071,-0.237143,-0.235785,-0.202617,-0.210457,-0.195749,-0.166283,-0.179465,-0.135604,-0.160580,-0.201621
1Y-3M,-0.492604,-0.070997,0.702932,0.689838,0.719178,0.657591,0.513699,0.303297,-0.120448,-0.278889,0.560173,1.000000,0.850775,0.826598,0.727868,0.593715,0.401485,-0.027609,-0.206072,0.839325,0.771511,0.779589,0.678518,0.533097,0.324865,-0.112041,-0.284881,0.482174,0.617306,0.568761,0.391356,0.133529,-0.287973,-0.427417,0.593076,0.538342,0.289390,-0.023272,-0.408057,-0.516433,0.417002,0.091451,-0.254079,-0.565062,-0.635746,-0.411717,-0.592166,-0.691140,-0.711258,-0.653421,-0.708335,-0.715334,-0.690872,-0.695110,-0.655793
2Y-3M,-0.354863,0.023710,0.650534,0.910154,0.888880,0.843852,0.686944,0.455128,-0.002336,-0.182605,0.519078,0.850775,1.000000,0.949360,0.882034,0.737446,0.523457,0.069153,-0.128796,0.686188,0.955125,0.923964,0.845212,0.687065,0.456320,-0.007987,-0.201678,0.870626,0.869224,0.799089,0.598650,0.310416,-0.156249,-0.320652,0.642926,0.674296,0.394029,0.033115,-0.385660,-0.508535,0.583799,0.199588,-0.210814,-0.556115,-0.639551,-0.441031,-0.662408,-0.750064,-0.770617,-0.748111,-0.770781,-0.776443,-0.728507,-0.737618,-0.705534
3Y-3M,-0.298831,0.070924,0.669601,0.880929,0.958649,0.916606,0.790035,0.587817,0.158885,-0.034195,0.515770,0.826598,0.949360,1.000000,0.941832,0.827796,0.643278,0.227868,0.019956,0.659180,0.898794,0.980381,0.908053,0.780675,0.579710,0.153063,-0.052115,0.808838,0.953026,0.878173,0.708929,0.447348,0.002123,-0.177492,0.851016,0.803871,0.547843,0.203082,-0.216103,-0.359288,0.643963,0.297058,-0.102663,-0.443043,-0.542954,-0.341002,-0.581323,-0.669625,-0.703974,-0.697056,-0.706857,-0.726575,-0.661193,-0.691549,-0.707032
5Y-3M,-0.270040,-0.003887,0.583982,0.821824,0.906289,0.982385,0.921952,0.751980,0.292672,0.075713,0.361154,0.727868,0.882034,0.941832,1.000000,0.951387,0.799854,0.363149,0.132528,0.641486,0.875960,0.952026,0.990961,0.929885,0.764255,0.313127,0.082339,0.789025,0.924849,0.977987,0.878667,0.646486,0.157543,-0.050087,0.821745,0.942704,0.757061,0.425854,-0.060717,-0.234837,0.863627,0.572079,0.155347,-0.280512,-0.415845,-0.128739,-0.442656,-0.607666,-0.663399,-0.645998,-0.705664,-0.738475,-0.691378,-0.729995,-0.760068
7Y-3M,-0.212791,-0.003195,0.482460,0.692858,0.803878,0.943191,0.982576,0.901609,0.517512,0.306081,0.284384,0.593715,0.737446,0.827796,0.951387,1.000000,0.936194,0.588710,0.369065,0.529951,0.738455,0.844357,0.951305,0.990824,0.915976,0.552828,0.330164,0.673572,0.837638,0.960500,0.972848,0.834386,0.408716,0.200245,0.785414,0.968893,0.911339,0.669770,0.212904,0.027901,0.924022,0.781608,0.439494,0.001616,-0.153342,0.182955,-0.159353,-0.370813,-0.447717,-0.434350,-0.523535,-0.573725,-0.541123,-0.596451,-0.670682
10Y-3M,-0.151968,0.020367,0.319654,0.491398,0.628686,0.798191,0.928868,0.978703,0.739340,0.560261,0.238055,0.401485,0.523457,0.643278,0.799854,0.936194,1.000000,0.810374,0.630496,0.328345,0.511631,0.652222,0.799934,0.931576,0.988594,0.784015,0.598683,0.496791,0.683159,0.837235,0.955168,0.961274,0.671343,0.487341,0.693262,0.882923,0.954936,0.868919,0.514123,0.339784,0.855854,0.878163,0.695546,0.326168,0.169519,0.461201,0.184129,-0.042883,-0.134670,-0.090038,-0.216901,-0.285976,-0.280611,-0.352203,-0.477330
20Y-3M,0.177004,0.253691,0.114142,0.152245,0.291538,0.410136,0.635951,0.855455,0.982103,0.926854,0.150913,-0.027609,0.069153,0.227868,0.363149,0.588710,0.810374,1.000000,0.961791,-0.132361,0.026190,0.215717,0.357023,0.585635,0.807643,0.988922,0.942938,0.141124,0.333395,0.443990,0.681199,0.885202,0.965224,0.895127,0.439910,0.520176,0.758973,0.910393,0.893763,0.807664,0.484862,0.748620,0.839009,0.771960,0.680295,0.736341,0.615994,0.519301,0.448835,0.408611,0.380502,0.318358,0.334972,0.258218,0.080006
30Y-3M,0.309275,0.328442,0.024950,-0.000434,0.113141,0.197162,0.436403,0.701202,0.971184,0.985795,0.086452,-0.206072,-0.128796,0.019956,0.132528,0.369065,0.630496,0.961791,1.000000,-0.305452,-0.176144,0.002043,0.125778,0.368287,0.633172,0.959950,0.990250,-0.021804,0.138803,0.221672,0.481340,0.744260,0.975292,0.972729,0.263918,0.298898,0.580727,0.814384,0.947425,0.919367,0.271750,0.605952,0.800418,0.872514,0.828760,0.765273,0.724929,0.698259,0.653747,0.570008,0.591513,0.549484,0.561647,0.504395,0.349857
1Y-6M,-0.482036,-0.411759,0.533938,0.518841,0.546914,0.570254,0.450475,0.231600,-0.217754,-0.369563,0.019839,0.839325,0.686188,0.659180,0.641486,0.529951,0.328345,-0.132361,-0.305452,1.000000,0.771955,0.719904,0.666163,0.543538,0.333644,-0.136873,-0.308941,0.358210,0.469745,0.514041,0.364649,0.102734,-0.346306,-0.481148,0.460037,0.519498,0.302934,-0.013458,-0.430936,-0.537430,0.471493,0.169068,-0.191996,-0.552211,-0.625512,-0.341292,-0.559975,-0.701199,-0.720334,-0.660181,-0.745796,-0.745593,-0.744853,-0.733577,-0.659190
2Y-6M,-0.343361,-0.145275,0.572305,0.867351,0.839329,0.839800,0.690165,0.445570,-0.040873,-0.224663,0.242611,0.771511,0.955125,0.898794,0.875960,0.738455,0.511631,0.026190,-0.176144,0.771955,1.000000,0.931998,0.878651,0.727082,0.487062,-0.009935,-0.210480,0.870016,0.841197,0.815924,0.622603,0.321472,-0.176678,-0.345609,0.594662,0.696552,0.422754,0.045312,-0.405218,-0.531844,0.645823,0.257527,-0.178726,-0.562660,-0.651018,-0.418393,-0.670129,-0.781114,-0.801725,-0.781277,-0.817219,-0.819077,-0.779869,-0.781555,-0.730917
3Y-6M,-0.288986,-0.036366,0.625677,0.858185,0.941029,0.929065,0.808851,0.598898,0.149247,-0.049137,0.336782,0.779589,0.923964,0.980381,0.952026,0.844357,0.652222,0.215717,0.002043,0.719904,0.931998,1.000000,0.944433,0.822981,0.616637,0.167646,-0.045044,0.810508,0.950901,0.904704,0.741390,0.471173,0.002776,-0.182899,0.845636,0.837828,0.585857,0.228325,-0.215923,-0.364768,0.696595,0.347057,-0.072632,-0.441423,-0.547019,-0.320216,-0.584653,-0.689332,-0.725279,-0.721060,-0.738612,-0.757250,-0.695483,-0.723100,-0.730673
5Y-6M,-0.256965,-0.075533,0.540109,0.788314,0.874795,0.975569,0.924356,0.754777,0.289366,0.071738,0.232790,0.678518,0.845212,0.908053,0.990961,0.951305,0.799934,0.357023,0.125778,0.666163,0.878651,0.944433,1.000000,0.947897,0.784242,0.326204,0.093522,0.773838,0.904189,0.982162,0.892768,0.661423,0.164581,-0.044625,0.800942,0.954610,0.779392,0.447337,-0.049827,-0.226090,0.893720,0.609498,0.187151,-0.264100,-0.402607,-0.100148,-0.427733,-0.604596,-0.661593,-0.645562,-0.712027,-0.744350,-0.701541,-0.738223,-0.763682
7Y-6M,-0.195200,-0.073342,0.429821,0.646876,0.759752,0.924355,0.976534,0.900598,0.517962,0.308464,0.152196,0.533097,0.687065,0.780675,0.929885,0.990824,0.931576,0.585635,0.368287,0.543538,0.727082,0.822981,0.947897,1.000000,0.931739,0.569566,0.347867,0.646330,0.804392,0.953155,0.979789,0.847630,0.421623,0.213895,0.754750,0.970867,0.929559,0.693620,0.232712,0.047212,0.945757,0.818381,0.477715,0.029547,-0.127621,0.222044,-0.131039,-0.353712,-0.431889,-0.420182,-0.516278,-0.566161,-0.538736,-0.592253,-0.662993
10Y-6M,-0.129260,-0.056158,0.253506,0.429798,0.568853,0.765760,0.912504,0.971896,0.741096,0.566764,0.089065,0.324865,0.456320,0.579710,0.764255,0.915976,0.988594,0.807643,0.633172,0.333644,0.487062,0.616637,0.784242,0.931739,1.000000,0.803625,0.622199,0.456595,0.635534,0.817851,0.954085,0.971988,0.688765,0.507975,0.650511,0.874668,0.968344,0.894540,0.541784,0.368742,0.870169,0.914430,0.740381,0.365154,0.207347,0.509737,0.225387,-0.012559,-0.105471,-0.061981,-0.196650,-0.265443,-0.266742,-0.336287,-0.458242
20Y-6M,0.204796,0.182024,0.043514,0.082221,0.221448,0.363767,0.604528,0.834599,0.976917,0.930048,0.002509,-0.112041,-0.007987,0.153063,0.313127,0.552828,0.784015,0.988922,0.959950,-0.136873,-0.009935,0.167646,0.326204,0.569566,0.803625,1.000000,0.961843,0.091565,0.274265,0.409683,0.664448,0.882086,0.976692,0.913439,0.386484,0.496400,0.757160,0.924285,0.918201,0.836667,0.483201,0.770720,0.874963,0.810597,0.720618,0.780477,0.658532,0.555739,0.485634,0.442736,0.409878,0.348992,0.359213,0.285320,0.111207
30Y-6M,0.333970,0.259736,-0.041993,-0.067286,0.044991,0.150019,0.401302,0.674193,0.958033,0.981077,-0.053172,-0.284881,-0.201678,-0.052115,0.082339,0.330164,0.598683,0.942938,0.990250,-0.308941,-0.210480,-0.045044,0.093522,0.347867,0.622199,0.961843,1.000000,-0.069528,0.080469,0.185453,0.459519,0.733551,0.977841,0.982401,0.210039,0.271845,0.572210,0.819406,0.962758,0.939814,0.265609,0.619874,0.826720,0.902208,0.860910,0.800221,0.759593,0.728223,0.684703,0.598712,0.616146,0.575863,0.581922,0.528028,0.378867
2Y-1Y,-0.130445,0.105986,0.426449,0.871502,0.808572,0.791162,0.664287,0.474798,0.108856,-0.043342,0.340945,0.482174,0.870626,0.808838,0.789025,0.673572,0.496791,0.141124,-0.021804,0.358210,0.870016,0.810508,0.773838,0.646330,0.456595,0.091565,-0.069528,1.000000,0.871168,0.799692,0.631622,0.392478,0.009098,-0.134434,0.516602,0.620133,0.385961,0.076989,-0.260928,-0.364313,0.582859,0.247112,-0.113591,-0.398110,-0.471033,-0.349807,-0.549932,-0.603408,-0.618839,-0.635461,-0.621848,-0.624735,-0.567722,-0.578944,-0.562264
3Y-1Y,-0.152619,0.137354,0.557718,0.860180,0.953034,0.927408,0.827917,0.658474,0.286929,0.102295,0.419511,0.617306,0.869224,0.953026,0.924849,0.837638,0.683159,0.333395,0.138803,0.469745,0.841197,0.950901,0.904189,0.804392,0.635534,0.274265,0.080469,0.871168,1.000000,0.921490,0.780383,0.553481,0.157953,-0.018083,0.870441,0.833995,0.610078,0.296411,-0.082476,-0.224307,0.675765,0.366037,-0.006768,-0.315215,-0.416839,-0.255102,-0.493929,-0.564099,-0.601288,-0.622744,-0.606892,-0.630688,-0.552457,-0.592611,-0.635413
5Y-1Y,-0.174007,0.016942,0.486571,0.775841,0.868227,0.978244,0.949542,0.809690,0.387706,0.175683,0.262735,0.568761,0.799089,0.878173,0.977987,0.960500,0.837235,0.443990,0.221672,0.514041,0.815924,0.904704,0.982162,0.953155,0.817851,0.409683,0.185453,0.799692,0.921490,1.000000,0.934852,0.734813,0.276600,0.069985,0.805191,0.966935,0.820016,0.517884,0.051343,-0.124531,0.909008,0.658368,0.263652,-0.164519,-0.305338,-0.029134,-0.350759,-0.518568,-0.579296,-0.576024,-0.630881,-0.668108,-0.619060,-0.664090,-0.712127
7Y-1Y,-0.101666,0.016766,0.349567,0.593948,0.712473,0.889508,0.975936,0.943858,0.626478,0.430255,0.164106,0.391356,0.598650,0.708929,0.878667,0.972848,0.955168,0.681199,0.481340,0.364649,0.622603,0.741390,0.892768,0.979789,0.954085,0.664448,0.459519,0.631622,0.780383,0.934852,1.000000,0.915810,0.550242,0.351939,0.727627,0.953200,0.958986,0.772653,0.360848,0.180448,0.936785,0.867555,0.575692,0.164374,0.007493,0.327651,-0.011917,-0.225277,-0.307440,-0.308788,-0.394987,-0.450372,-0.420125,-0.482179,-0.578380
10Y-1Y,-0.016211,0.043402,0.134372,0.324154,0.463882,0.665834,0.850537,0.967775,0.836273,0.690171,0.089033,0.133529,0.310416,0.447348,0.646486,0.834386,0.961274,0.885202,0.744260,0.102734,0.321472,0.471173,0.661423,0.847630,0.971988,0.882086,0.733551,0.392478,0.553481,0.734813,0.915810,1.000000,0.813106,0.655959,0.571705,0.793404,0.946241,0.947248,0.679115,0.523077,0.800626,0.922729,0.829096,0.522976,0.374738,0.622950,0.377433,0.161569,0.068302,0.099194,-0.021559,-0.094198,-0.095754,-0.171946,-0.319176
20Y-1Y,0.298398,0.261604,-0.074485,-0.034558,0.091212,0.220936,0.474899,0.740210,0.972358,0.960866,-0.001923,-0.287973,-0.156249,0.002123,0.157543,0.408716,0.671343,0.965224,0.975292,-0.346306,-0.176678,0.002776,0.164581,0.421623,0.688765,0.976692,0.977841,0.009098,0.157953,0.276600,0.550242,0.813106,1.000000,0.969315,0.266332,0.357541,0.651416,0.878246,0.962944,0.908804,0.355444,0.693264,0.870222,0.887318,0.817988,0.813091,0.744990,0.678242,0.615996,0.562336,0.549769,0.492065,0.501584,0.429161,0.248151
30Y-1Y,0.402497,0.320271,-0.143565,-0.163914,-0.065938,0.026286,0.281423,0.575939,0.925811,0.976865,-0.052906,-0.427417,-0.320652,-0.177492,-0.050087,0.200245,0.487341,0.895127,0.972729,-0.481148,-0.345609,-0.182899,-0.044625,0.213895,0.507975,0.913439,0.982401,-0.134434,-0.018083,0.069985,0.351939,0.655959,0.969315,1.000000,0.103253,0.148543,0.467930,0.757913,0.972033,0.971799,0.152223,0.538153,0.799718,0.940039,0.916369,0.804613,0.810112,0.808932,0.772576,0.681502,0.714386,0.677216,0.682655,0.630765,0.478670
3Y-2Y,-0.135365,0.133268,0.545034,0.626276,0.851297,0.824065,0.777771,0.672265,0.391232,0.221846,0.389744,0.593076,0.642926,0.851016,0.821745,0.785414,0.693262,0.439910,0.263918,0.460037,0.594662,0.845636,0.800942,0.754750,0.650511,0.386484,0.210039,0.516602,0.870441,0.805191,0.727627,0.571705,0.266332,0.103253,1.000000,0.832639,0.676938,0.439719,0.117783,-0.025899,0.594075,0.390570,0.102086,-0.150547,-0.254654,-0.094146,-0.309987,-0.378739,-0.428120,-0.448872,-0.434876,-0.473481,-0.394215,-0.452988,-0.544355
5Y-2Y,-0.171952,-0.022880,0.454621,0.643548,0.790990,0.942133,0.958520,0.856273,0.460341,0.247956,0.198475,0.538342,0.674296,0.803871,0.942704,0.968893,0.882923,0.520176,0.298898,0.519498,0.696552,0.837828,0.954610,0.970867,0.874668,0.496400,0.271845,0.620133,0.833995,0.966935,0.953200,0.793404,0.357541,0.148543,0.832639,1.000000,0.907498,0.643967,0.177913,-0.007972,0.940145,0.755265,0.392736,-0.045866,-0.198886,0.110513,-0.224722,-0.421267,-0.494060,-0.482725,-0.560183,-0.607597,-0.567727,-0.621797,-0.691647
7Y-2Y,-0.073281,-0.018800,0.260039,0.388113,0.552157,0.769180,0.918409,0.949519,0.705658,0.527814,0.070618,0.289390,0.394029,0.547843,0.757061,0.911339,0.954936,0.758973,0.580727,0.302934,0.422754,0.585857,0.779392,0.929559,0.968344,0.757160,0.572210,0.385961,0.610078,0.820016,0.958986,0.946241,0.651416,0.467930,0.676938,0.907498,1.000000,0.891244,0.524778,0.347916,0.901594,0.941970,0.726557,0.341147,0.181133,0.517772,0.186884,-0.047446,-0.139571,-0.135098,-0.242644,-0.307493,-0.292345,-0.362082,-0.482652
10Y-2Y,0.027882,0.010117,-0.002940,0.047702,0.221097,0.446082,0.690513,0.883630,0.868598,0.763256,-0.022294,-0.023272,0.033115,0.203082,0.425854,0.669770,0.868919,0.910393,0.814384,-0.013458,0.045312,0.228325,0.447337,0.693620,0.894540,0.924285,0.819406,0.076989,0.296411,0.517884,0.772653,0.947248,0.878246,0.757913,0.439719,0.643967,0.891244,1.000000,0.827092,0.693971,0.664784,0.914140,0.938332,0.705638,0.570357,0.797179,0.600772,0.385407,0.289682,0.328961,0.193320,0.115584,0.094031,0.015348,-0.150063
20Y-2Y,0.323255,0.223967,-0.186926,-0.268416,-0.130024,-0.000094,0.279301,0.586539,0.909353,0.939308,-0.093813,-0.408057,-0.385660,-0.216103,-0.060717,0.212904,0.514123,0.893763,0.947425,-0.430936,-0.405218,-0.215923,-0.049827,0.232712,0.541784,0.918201,0.962758,-0.260928,-0.082476,0.051343,0.360848,0.679115,0.962944,0.972033,0.117783,0.177913,0.524778,0.827092,1.000000,0.975617,0.185942,0.602627,0.870747,0.963990,0.916727,0.879303,0.867534,0.817519,0.761589,0.714269,0.698465,0.643536,0.637349,0.570459,0.391214
30Y-2Y,0.409311,0.275772,-0.236406,-0.361440,-0.254386,-0.163570,0.106403,0.428284,0.844180,0.928379,-0.130857,-0.516433,-0.508535,-0.359288,-0.234837,0.027901,0.339784,0.807664,0.919367,-0.537430,-0.531844,-0.364768,-0.226090,0.047212,0.368742,0.836667,0.939814,-0.364313,-0.224307,-0.124531,0.180448,0.523077,0.908804,0.971799,-0.025899,-0.007972,0.347916,0.693971,0.975617,1.000000,0.004357,0.446955,0.778612,0.978194,0.973303,0.839425,0.892217,0.903834,0.873339,0.791702,0.819367,0.785121,0.776665,0.730569,0.583660
5Y-3Y,-0.166464,-0.115235,0.324960,0.549384,0.625080,0.861370,0.913658,0.830066,0.427906,0.223646,0.048463,0.417002,0.583799,0.643963,0.863627,0.924022,0.855854,0.484862,0.271750,0.471493,0.645823,0.696595,0.893720,0.945757,0.870169,0.483201,0.265609,0.582859,0.675765,0.909008,0.936785,0.800626,0.355444,0.152223,0.594075,0.940145,0.901594,0.664784,0.185942,0.004357,1.000000,0.856685,0.507628,0.026015,-0.132185,0.218448,-0.135664,-0.378837,-0.454183,-0.424950,-0.546069,-0.591183,-0.582045,-0.624419,-0.669653
7Y-3Y,-0.029916,-0.084294,0.076652,0.199783,0.302326,0.586178,0.793935,0.880965,0.704140,0.558963,-0.089434,0.091451,0.199588,0.297058,0.572079,0.781608,0.878163,0.748620,0.605952,0.169068,0.257527,0.347057,0.609498,0.818381,0.914430,0.770720,0.619874,0.247112,0.366037,0.658368,0.867555,0.922729,0.693264,0.538153,0.390570,0.755265,0.941970,0.914140,0.602627,0.446955,0.856685,1.000000,0.862153,0.495339,0.342689,0.690522,0.375118,0.113396,0.020696,0.035755,-0.105138,-0.168638,-0.185844,-0.246260,-0.355386
10Y-3Y,0.082990,-0.040096,-0.213066,-0.188249,-0.082817,0.176859,0.465412,0.719923,0.811456,0.759984,-0.174724,-0.254079,-0.210814,-0.102663,0.155347,0.439494,0.695546,0.839009,0.800418,-0.191996,-0.178726,-0.072632,0.187151,0.477715,0.740381,0.874963,0.826720,-0.113591,-0.006768,0.263652,0.575692,0.829096,0.870222,0.799718,0.102086,0.392736,0.726557,0.938332,0.870747,0.778612,0.507628,0.862153,1.000000,0.839518,0.729757,0.919198,0.784745,0.572672,0.485656,0.537150,0.381526,0.310286,0.255902,0.191376,0.043338
20Y-3Y,0.358062,0.187276,-0.332053,-0.434936,-0.357424,-0.220781,0.069763,0.403883,0.800517,0.875700,-0.197769,-0.565062,-0.556115,-0.443043,-0.280512,0.001616,0.326168,0.771960,0.872514,-0.552211,-0.562660,-0.441423,-0.264100,0.029547,0.365154,0.810597,0.902208,-0.398110,-0.315215,-0.164519,0.164374,0.522976,0.887318,0.940039,-0.150547,-0.045866,0.341147,0.705638,0.963990,0.978194,0.026015,0.495339,0.839518,1.000000,0.980829,0.900587,0.946674,0.915294,0.872839,0.831288,0.811807,0.767461,0.740074,0.689222,0.535246
30Y-3Y,0.427030,0.236171,-0.353830,-0.493435,-0.441540,-0.347437,-0.075647,0.259950,0.726796,0.847138,-0.216071,-0.635746,-0.639551,-0.542954,-0.415845,-0.153342,0.169519,0.680295,0.828760,-0.625512,-0.651018,-0.547019,-0.402607,-0.127621,0.207347,0.720618,0.860910,-0.471033,-0.416839,-0.305338,0.007493,0.374738,0.817988,0.916369,-0.254654,-0.198886,0.181133,0.570357,0.916727,0.973303,-0.132185,0.342689,0.729757,0.980829,1.000000,0.833640,0.934265,0.961289,0.943127,0.868920,0.892468,0.868204,0.841825,0.810728,0.689592
7Y-5Y,0.176823,0.002118,-0.310651,-0.392404,-0.304558,-0.098901,0.220808,0.502661,0.732059,0.743831,-0.237143,-0.411717,-0.441031,-0.341002,-0.128739,0.182955,0.461201,0.736341,0.765273,-0.341292,-0.418393,-0.320216,-0.100148,0.222044,0.509737,0.780477,0.800221,-0.349807,-0.255102,-0.029134,0.327651,0.622950,0.813091,0.804613,-0.094146,0.110513,0.517772,0.797179,0.879303,0.839425,0.218448,0.690522,0.919198,0.900587,0.833640,1.000000,0.899863,0.745725,0.676009,0.663506,0.566803,0.509935,0.464572,0.409695,0.266682
10Y-5Y,0.215188,0.036793,-0.478788,-0.611701,-0.544918,-0.416295,-0.122094,0.230712,0.625284,0.713039,-0.235785,-0.592166,-0.662408,-0.581323,-0.442656,-0.159353,0.184129,0.615994,0.724929,-0.559975,-0.670129,-0.584653,-0.427733,-0.131039,0.225387,0.658532,0.759593,-0.549932,-0.493929,-0.350759,-0.011917,0.377433,0.744990,0.810112,-0.309987,-0.224722,0.186884,0.600772,0.867534,0.892217,-0.135664,0.375118,0.784745,0.946674,0.934265,0.899863,1.000000,0.931070,0.885211,0.923395,0.831572,0.782106,0.712994,0.669277,0.531586
20Y-5Y,0.398557,0.219807,-0.438341,-0.624012,-0.582753,-0.551459,-0.303548,0.039454,0.568687,0.720591,-0.202617,-0.691140,-0.750064,-0.669625,-0.607666,-0.370813,-0.042883,0.519301,0.698259,-0.701199,-0.781114,-0.689332,-0.604596,-0.353712,-0.012559,0.555739,0.728223,-0.603408,-0.564099,-0.518568,-0.225277,0.161569,0.678242,0.808932,-0.378739,-0.421267,-0.047446,0.385407,0.817519,0.903834,-0.378837,0.113396,0.572672,0.915294,0.961289,0.745725,0.931070,1.000000,0.991054,0.940808,0.971575,0.948698,0.919662,0.889658,0.765336
30Y-5Y,0.439641,0.250917,-0.427004,-0.627747,-0.606491,-0.601157,-0.374411,-0.044742,0.509731,0.686398,-0.210457,-0.711258,-0.770617,-0.703974,-0.663399,-0.447717,-0.134670,0.448835,0.653747,-0.720334,-0.801725,-0.725279,-0.661593,-0.431889,-0.105471,0.485634,0.684703,-0.618839,-0.601288,-0.579296,-0.307440,0.068302,0.615996,0.772576,-0.428120,-0.494060,-0.139571,0.289682,0.761589,0.873339,-0.454183,0.020696,0.485656,0.872839,0.943127,0.676009,0.885211,0.991054,1.000000,0.923499,0.985285,0.978606,0.951832,0.938093,0.844388
10Y-7Y,0.213503,0.061247,-0.547886,-0.703927,-0.666681,-0.627039,-0.403751,-0.046619,0.428315,0.568483,-0.195749,-0.653421,-0.748111,-0.697056,-0.645998,-0.434350,-0.090038,0.408611,0.570008,-0.660181,-0.781277,-0.721060,-0.645562,-0.420182,-0.061981,0.442736,0.598712,-0.635461,-0.622744,-0.576024,-0.308788,0.099194,0.562336,0.681502,-0.448872,-0.482725,-0.135098,0.328961,0.714269,0.791702,-0.424950,0.035755,0.537150,0.831288,0.868920,0.663506,0.923395,0.940808,0.923499,1.000000,0.927595,0.892793,0.814165,0.787471,0.677145
20Y-7Y,0.430006,0.271049,-0.431648,-0.632191,-0.612386,-0.646762,-0.453808,-0.129819,0.443093,0.626745,-0.166283,-0.708335,-0.770781,-0.706857,-0.705664,-0.523535,-0.216901,0.380502,0.591513,-0.745796,-0.817219,-0.738612,-0.712027,-0.516278,-0.196650,0.409878,0.616146,-0.621848,-0.606892,-0.630881,-0.394987,-0.021559,0.549769,0.714386,-0.434876,-0.560183,-0.242644,0.193320,0.698465,0.819367,-0.546069,-0.105138,0.381526,0.811807,0.892468,0.566803,0.831572,0.971575,0.985285,0.927595,1.000000,0.991919,0.972132,0.954530,0.851616
30Y-7Y,0.463845,0.292316,-0.411728,-0.623240,-0.622954,-0.674148,-0.498719,-0.192575,0.390641,0.593586,-0.179465,-0.715334,-0.776443,-0.726575,-0.738475,-0.573725,-0.285976,0.318358,0.549484,-0.745593,-0.819077,-0.757250,-0.744350,-0.566161,-0.265443,0.348992,0.575863,-0.624735,-0.630688,-0.668108,-0.450372,-0.094198,0.492065,0.677216,-0.473481,-0.607597,-0.307493,0.115584,0.643536,0.785121,-0.591183,-0.168638,0.310286,0.767461,0.868204,0.509935,0.782106,0.948698,0.978606,0.892793,0.991919,1.000000,0.981411,0.980695,0.911238
20Y-10Y,0.534345,0.382835,-0.327065,-0.540833,-0.533425,-0.611730,-0.451955,-0.172512,0.419886,0.617363,-0.135604,-0.690872,-0.728507,-0.661193,-0.691378,-0.541123,-0.280611,0.334972,0.561647,-0.744853,-0.779869,-0.695483,-0.701541,-0.538736,-0.266742,0.359213,0.581922,-0.567722,-0.552457,-0.619060,-0.420125,-0.095754,0.501584,0.682655,-0.394215,-0.567727,-0.292345,0.094031,0.637349,0.776665,-0.582045,-0.185844,0.255902,0.740074,0.841825,0.464572,0.712994,0.919662,0.951832,0.814165,0.972132,0.981411,1.000000,0.989393,0.898674
30Y-10Y,0.541976,0.373375,-0.325514,-0.547178,-0.562955,-0.650209,-0.507107,-0.243254,0.348566,0.565399,-0.160580,-0.695110,-0.737618,-0.691549,-0.729995,-0.596451,-0.352203,0.258218,0.504395,-0.733577,-0.781555,-0.723100,-0.738223,-0.592253,-0.336287,0.285320,0.528028,-0.578944,-0.592611,-0.664090,-0.482179,-0.171946,0.429161,0.630765,-0.452988,-0.621797,-0.362082,0.015348,0.570459,0.730569,-0.624419,-0.246260,0.191376,0.689222,0.810728,0.409695,0.669277,0.889658,0.938093,0.787471,0.954530,0.980695,0.989393,1.000000,0.952857
30Y-20Y,0.520357,0.327742,-0.299716,-0.522511,-0.585624,-0.685525,-0.587162,-0.374156,0.175443,0.417679,-0.201621,-0.655793,-0.705534,-0.707032,-0.760068,-0.670682,-0.477330,0.080006,0.349857,-0.659190,-0.730917,-0.730673,-0.763682,-0.662993,-0.458242,0.111207,0.378867,-0.562264,-0.635413,-0.712127,-0.578380,-0.319176,0.248151,0.478670,-0.544355,-0.691647,-0.482652,-0.150063,0.391214,0.583660,-0.669653,-0.355386,0.043338,0.535246,0.689592,0.266682,0.531586,0.765336,0.844388,0.677145,0.851616,0.911238,0.898674,0.952857,1.000000
