,3M-1M,6M-1M,1Y-1M,2Y-1M,3Y-1M,5Y-1M,7Y-1M,10Y-1M,20Y-1M,30Y-1M,6M-3M,1Y-3M,2Y-3M,3Y-3M,5Y-3M,7Y-3M,10Y-3M,20Y-3M,30Y-3M,1Y-6M,2Y-6M,3Y-6M,5Y-6M,7Y-6M,10Y-6M,20Y-6M,30Y-6M,2Y-1Y,3Y-1Y,5Y-1Y,7Y-1Y,10Y-1Y,20Y-1Y,30Y-1Y,3Y-2Y,5Y-2Y,7Y-2Y,10Y-2Y,20Y-2Y,30Y-2Y,5Y-3Y,7Y-3Y,10Y-3Y,20Y-3Y,30Y-3Y,7Y-5Y,10Y-5Y,20Y-5Y,30Y-5Y,10Y-7Y,20Y-7Y,30Y-7Y,20Y-10Y,30Y-10Y,30Y-20Y
3M-1M,1.000000,0.790423,0.628353,0.455854,0.400300,0.363280,0.349618,0.340815,0.335889,0.336720,0.207087,0.172289,0.171184,0.170528,0.157440,0.147323,0.133076,0.054410,0.119670,0.122701,0.130338,0.137063,0.132539,0.125613,0.109108,0.017121,0.080601,0.135163,0.122847,0.117291,0.108671,0.090962,0.001583,0.063601,0.127876,0.085143,0.052282,0.020297,-0.037980,-0.020622,0.055681,0.015764,-0.026007,-0.057161,-0.068098,-0.068045,-0.103154,-0.084011,-0.118136,-0.120716,-0.084363,-0.121580,-0.074241,-0.112885,-0.073352
6M-1M,0.790423,1.000000,0.847081,0.655807,0.597206,0.550275,0.530224,0.505015,0.477612,0.469822,0.621272,0.485288,0.412149,0.393630,0.372666,0.354211,0.320354,0.280829,0.259702,0.190797,0.216644,0.218471,0.217180,0.208645,0.172923,0.127609,0.100352,0.209462,0.197063,0.186961,0.171264,0.123255,0.053743,0.039444,0.143057,0.099118,0.064401,0.005263,-0.056064,-0.078974,0.048466,0.008550,-0.059511,-0.110937,-0.137190,-0.069864,-0.144873,-0.169081,-0.191668,-0.176263,-0.194443,-0.207769,-0.176132,-0.200509,-0.150063
1Y-1M,0.628353,0.847081,1.000000,0.879559,0.825146,0.761340,0.722751,0.676719,0.620251,0.591230,0.523281,0.710380,0.614341,0.595025,0.570373,0.539043,0.484473,0.480231,0.363915,0.549860,0.485340,0.472773,0.455414,0.419753,0.356135,0.340688,0.217395,0.333271,0.332200,0.303710,0.272454,0.196094,0.161004,0.047848,0.205580,0.152962,0.112554,0.025796,-0.034694,-0.120064,0.076544,0.032007,-0.064423,-0.150769,-0.198052,-0.059799,-0.172977,-0.278833,-0.274704,-0.238186,-0.328392,-0.317434,-0.298451,-0.318489,-0.279625
2Y-1M,0.455854,0.655807,0.879559,1.000000,1.000000,1.000000,0.952952,0.879974,0.785934,0.739477,0.409527,0.679187,0.794442,0.773698,0.760051,0.720394,0.649048,0.709240,0.471651,0.594867,0.733382,0.707719,0.693153,0.631031,0.541018,0.590317,0.340108,0.656978,0.641691,0.563257,0.483786,0.367482,0.420606,0.147567,0.259598,0.245478,0.201371,0.092807,0.032021,-0.105239,0.159747,0.108243,-0.008520,-0.148849,-0.196924,-0.009021,-0.148811,-0.360282,-0.311177,-0.251655,-0.449902,-0.383776,-0.410119,-0.401118,-0.411767
3Y-1M,0.400300,0.597206,0.825146,1.000000,1.000000,1.000000,1.000000,0.972975,0.871051,0.816675,0.363962,0.654845,0.774553,0.808689,0.817641,0.789250,0.721355,0.810307,0.540674,0.593439,0.731319,0.761945,0.765661,0.710165,0.621732,0.699200,0.418785,0.650251,0.719291,0.646484,0.568951,0.449757,0.539014,0.223300,0.378609,0.354694,0.309215,0.194580,0.150078,-0.016722,0.219988,0.186307,0.069821,-0.077665,-0.129109,0.073015,-0.073100,-0.323590,-0.252434,-0.200830,-0.437923,-0.341943,-0.413750,-0.368603,-0.443923
5Y-1M,0.363280,0.550275,0.761340,1.000000,1.000000,1.000000,1.000000,1.000000,0.974170,0.915660,0.328284,0.607772,0.730771,0.783250,0.865247,0.863193,0.812199,0.921797,0.647763,0.561334,0.701814,0.749974,0.828134,0.798505,0.726861,0.823965,0.539930,0.631597,0.717325,0.733643,0.676954,0.570614,0.679480,0.354700,0.404318,0.487707,0.451851,0.340427,0.307510,0.127262,0.386396,0.351986,0.230982,0.077125,0.020049,0.200977,0.056689,-0.226011,-0.136407,-0.098206,-0.357267,-0.247331,-0.358667,-0.291138,-0.443921
7Y-1M,0.349618,0.530224,0.722751,0.952952,1.000000,1.000000,1.000000,1.000000,1.000000,0.974406,0.314467,0.572729,0.687173,0.748542,0.855860,0.891366,0.859323,0.976924,0.721962,0.531627,0.660786,0.718734,0.823660,0.834660,0.782955,0.886732,0.621621,0.597344,0.691213,0.744384,0.731724,0.642309,0.753868,0.447175,0.422348,0.537614,0.536625,0.434528,0.408689,0.229953,0.447836,0.448450,0.333002,0.185298,0.124164,0.322591,0.168108,-0.112854,-0.034873,-0.018611,-0.278088,-0.163915,-0.281560,-0.218818,-0.408226
10Y-1M,0.340815,0.505015,0.676719,0.879974,0.972975,1.000000,1.000000,1.000000,1.000000,1.000000,0.294495,0.526774,0.635026,0.701133,0.823750,0.878940,0.889805,1.000000,0.788154,0.490774,0.612953,0.677177,0.799446,0.833468,0.825065,0.934600,0.698257,0.558030,0.653696,0.737526,0.751049,0.709018,0.815342,0.541237,0.431822,0.571833,0.590846,0.528682,0.504281,0.335922,0.496723,0.515487,0.434958,0.295418,0.230055,0.395441,0.282018,0.005793,0.070956,0.113907,-0.148355,-0.058782,-0.197637,-0.136156,-0.346625
20Y-1M,0.335889,0.477612,0.620251,0.785934,0.871051,0.974170,1.000000,1.000000,1.000000,1.000000,0.273213,0.466390,0.561605,0.631988,0.763717,0.835816,0.871073,1.000000,0.841899,0.431466,0.541394,0.611782,0.744761,0.799957,0.818568,0.964938,0.764667,0.498917,0.595496,0.700339,0.742599,0.732287,0.863930,0.634696,0.427675,0.585560,0.629638,0.593392,0.598805,0.452873,0.528592,0.573234,0.512360,0.419833,0.350175,0.467028,0.370216,0.162044,0.196054,0.200972,0.020275,0.071493,-0.010009,0.002325,-0.272254
30Y-1M,0.336720,0.469822,0.591230,0.739477,0.816675,0.915660,0.974406,1.000000,1.000000,1.000000,0.260617,0.431614,0.518163,0.588018,0.721149,0.802441,0.850000,1.000000,0.863824,0.395189,0.496809,0.568482,0.704814,0.770112,0.801140,0.949783,0.790016,0.458370,0.557268,0.673547,0.727591,0.731603,0.859471,0.675025,0.417565,0.581667,0.634595,0.613535,0.623237,0.509362,0.528670,0.583078,0.539185,0.464782,0.410164,0.488057,0.410920,0.227615,0.265362,0.252586,0.086763,0.148401,0.049087,0.082146,-0.138862
6M-3M,0.207087,0.621272,0.523281,0.409527,0.363962,0.328284,0.314467,0.294495,0.273213,0.260617,1.000000,0.632719,0.611310,0.565669,0.474835,0.294335,0.184920,0.259136,0.053272,-0.139269,-0.001370,-0.075491,-0.178051,-0.239698,-0.281345,0.010451,-0.322756,0.320952,0.080752,-0.064194,-0.158073,-0.185483,-0.041872,-0.200804,-0.063391,-0.208655,-0.272562,-0.293975,-0.137332,-0.301979,-0.069610,-0.219924,-0.282480,-0.164134,-0.327598,-0.364421,-0.407820,-0.189106,-0.411935,-0.397028,-0.200715,-0.386559,-0.170593,-0.343342,-0.149828
1Y-3M,0.172289,0.485288,0.710380,0.679187,0.654845,0.607772,0.572729,0.526774,0.466390,0.431614,0.632719,1.000000,1.000000,0.993995,0.872537,0.693670,0.506443,0.490728,0.092712,0.765280,0.777558,0.726357,0.559301,0.391670,0.226758,0.304013,-0.116821,0.472339,0.308673,-0.081190,-0.116053,-0.211912,0.102899,-0.415789,-0.137156,-0.390259,-0.296270,-0.348735,-0.106720,-0.502873,-0.258255,-0.234285,-0.320150,-0.198421,-0.512473,-0.175570,-0.333078,-0.292036,-0.568181,-0.466027,-0.338011,-0.657104,-0.297537,-0.681377,-0.270093
2Y-3M,0.171184,0.412149,0.614341,0.794442,0.774553,0.730771,0.687173,0.635026,0.561605,0.518163,0.611310,1.000000,1.000000,1.000000,0.955934,0.764976,0.574424,0.588010,0.134611,0.711335,0.877389,0.784645,0.637863,0.462835,0.297038,0.432596,-0.067394,0.746531,0.463635,0.091222,0.015726,-0.092237,0.255279,-0.329466,-0.194771,-0.355784,-0.260570,-0.310535,-0.061832,-0.482454,-0.142659,-0.157986,-0.256967,-0.170958,-0.485560,-0.162894,-0.320351,-0.306377,-0.587424,-0.465156,-0.372687,-0.690072,-0.335924,-0.728847,-0.335795
3Y-3M,0.170528,0.393630,0.595025,0.773698,0.808689,0.783250,0.748542,0.701133,0.631988,0.588018,0.565669,0.993995,1.000000,1.000000,0.962430,0.771347,0.582474,0.662613,0.159907,0.732437,0.859728,0.862702,0.661517,0.486695,0.324599,0.513936,-0.020311,0.643644,0.589870,0.059977,0.007450,-0.084895,0.337430,-0.291005,0.075973,-0.295945,-0.206253,-0.255774,0.027698,-0.418060,-0.228814,-0.188066,-0.265465,-0.116057,-0.467564,-0.129764,-0.286925,-0.255166,-0.546473,-0.444892,-0.331261,-0.652579,-0.303505,-0.687941,-0.341104
5Y-3M,0.157440,0.372666,0.570373,0.760051,0.817641,0.865247,0.855860,0.823750,0.763717,0.721149,0.474835,0.872537,0.955934,0.962430,1.000000,0.955332,0.828979,0.806388,0.474072,0.646841,0.794778,0.749179,0.793159,0.694876,0.576271,0.672108,0.274314,0.678465,0.509046,0.420536,0.357877,0.247583,0.508002,0.003238,-0.139919,0.023482,0.115410,0.052970,0.201232,-0.142041,0.185044,0.200877,0.100468,0.054776,-0.138292,0.161821,0.014440,-0.148465,-0.254962,-0.165972,-0.246202,-0.389648,-0.240151,-0.456345,-0.319043
7Y-3M,0.147323,0.354211,0.539043,0.720394,0.789250,0.863193,0.891366,0.878940,0.835816,0.802441,0.294335,0.693670,0.764976,0.771347,0.955332,1.000000,0.982502,0.883302,0.729914,0.590160,0.699627,0.669194,0.832392,0.859637,0.798258,0.767419,0.552315,0.570755,0.477561,0.615717,0.651485,0.545391,0.627538,0.274881,-0.100490,0.272258,0.424416,0.353870,0.346897,0.125744,0.363310,0.474268,0.384058,0.201102,0.137139,0.491776,0.335897,-0.004395,0.048693,0.124052,-0.158184,-0.119074,-0.161714,-0.218269,-0.280164
10Y-3M,0.133076,0.320354,0.484473,0.649048,0.721355,0.812199,0.859323,0.889805,0.871073,0.850000,0.184920,0.506443,0.574424,0.582474,0.828979,0.982502,1.000000,0.918005,0.900802,0.470605,0.559479,0.544606,0.785472,0.888026,0.907236,0.821509,0.743146,0.473189,0.438899,0.739382,0.813679,0.759855,0.704370,0.505552,-0.032148,0.466869,0.617795,0.581428,0.455547,0.351872,0.501397,0.638052,0.591383,0.318514,0.358472,0.650093,0.558371,0.118770,0.284969,0.398690,-0.022644,0.124037,-0.094317,-0.005779,-0.206742
20Y-3M,0.054410,0.280829,0.480231,0.709240,0.810307,0.921797,0.976924,1.000000,1.000000,1.000000,0.259136,0.490728,0.588010,0.662613,0.806388,0.883302,0.918005,1.000000,0.889749,0.449386,0.577941,0.642767,0.778584,0.835406,0.853807,1.000000,0.797271,0.524065,0.626165,0.718081,0.760073,0.743494,0.938047,0.635942,0.367956,0.569797,0.637056,0.598656,0.614058,0.448596,0.505231,0.593056,0.539876,0.431317,0.371523,0.516530,0.425281,0.183646,0.242813,0.230295,0.030672,0.102924,0.013712,0.037620,-0.257856
30Y-3M,0.119670,0.259702,0.363915,0.471651,0.540674,0.647763,0.721962,0.788154,0.841899,0.863824,0.053272,0.092712,0.134611,0.159907,0.474072,0.729914,0.900802,0.889749,1.000000,0.124672,0.158015,0.191578,0.532082,0.744579,0.869591,0.835773,0.980129,0.167155,0.278911,0.853465,0.964717,0.975424,0.769359,0.901607,0.217594,0.837659,0.899598,0.878091,0.614420,0.766435,0.726340,0.838070,0.828904,0.515531,0.741614,0.775184,0.763987,0.352412,0.681772,0.662200,0.229337,0.579570,0.163640,0.493382,-0.002530
1Y-6M,0.122701,0.190797,0.549860,0.594867,0.593439,0.561334,0.531627,0.490774,0.431466,0.395189,-0.139269,0.765280,0.711335,0.732437,0.646841,0.590160,0.470605,0.449386,0.124672,1.000000,0.952822,0.955417,0.833794,0.697974,0.545829,0.422694,0.188286,0.338025,0.333585,0.014875,0.053134,-0.036888,0.170819,-0.268297,0.006814,-0.218638,-0.090022,-0.147849,-0.037634,-0.331628,-0.205908,-0.090314,-0.155869,-0.137748,-0.350617,0.051497,-0.108063,-0.244343,-0.371905,-0.266837,-0.300493,-0.492824,-0.272121,-0.548062,-0.254140
2Y-6M,0.130338,0.216644,0.485340,0.733382,0.731319,0.701814,0.660786,0.612953,0.541394,0.496809,-0.001370,0.777558,0.877389,0.859728,0.794778,0.699627,0.559479,0.577941,0.158015,0.952822,1.000000,1.000000,0.899324,0.739068,0.576834,0.545675,0.183889,0.680954,0.516563,0.186052,0.160494,0.054062,0.344160,-0.214932,-0.120350,-0.233350,-0.098080,-0.150853,0.001338,-0.356400,-0.098826,-0.031305,-0.115353,-0.117515,-0.360061,0.032913,-0.128796,-0.268959,-0.435122,-0.303171,-0.340636,-0.570146,-0.312865,-0.638781,-0.331771
3Y-6M,0.137063,0.218471,0.472773,0.707719,0.761945,0.749974,0.718734,0.677177,0.611782,0.568482,-0.075491,0.726357,0.784645,0.862702,0.749179,0.669194,0.544606,0.642767,0.191578,0.955417,1.000000,1.000000,0.909317,0.758775,0.608540,0.615544,0.254256,0.533507,0.645329,0.161928,0.166093,0.081290,0.423828,-0.143955,0.216269,-0.131390,-0.012825,-0.065816,0.099421,-0.256411,-0.182731,-0.055191,-0.113367,-0.057740,-0.318902,0.075956,-0.081274,-0.210878,-0.365493,-0.261466,-0.292882,-0.498453,-0.275822,-0.560744,-0.329011
5Y-6M,0.132539,0.217180,0.455414,0.693153,0.765661,0.828134,0.823660,0.799446,0.744761,0.704814,-0.178051,0.559301,0.637863,0.661517,0.793159,0.832392,0.785472,0.778584,0.532082,0.833794,0.899324,0.909317,1.000000,0.966688,0.871275,0.769499,0.582302,0.550172,0.538067,0.560505,0.555979,0.456428,0.600103,0.200699,0.002922,0.243462,0.353415,0.286742,0.289128,0.067370,0.285228,0.376923,0.295171,0.133940,0.058509,0.389721,0.249191,-0.089831,-0.031689,0.052515,-0.195173,-0.189354,-0.205196,-0.283215,-0.293848
7Y-6M,0.125613,0.208645,0.419753,0.631031,0.710165,0.798505,0.834660,0.833468,0.799957,0.770112,-0.239698,0.391670,0.462835,0.486695,0.694876,0.859637,0.888026,0.835406,0.744579,0.697974,0.739068,0.758775,0.966688,1.000000,0.996876,0.844292,0.791128,0.440877,0.478114,0.698596,0.786543,0.704579,0.706999,0.454510,0.061061,0.458825,0.613826,0.545670,0.433250,0.316610,0.447087,0.608079,0.537199,0.284398,0.308787,0.652286,0.512353,0.068848,0.237022,0.292926,-0.090502,0.058110,-0.110196,-0.055587,-0.246781
10Y-6M,0.109108,0.172923,0.356135,0.541018,0.621732,0.726861,0.782955,0.825065,0.818568,0.801140,-0.281345,0.226758,0.297038,0.324599,0.576271,0.798258,0.907236,0.853807,0.869591,0.545829,0.576834,0.608540,0.871275,0.996876,1.000000,0.887199,0.925876,0.350992,0.428171,0.773303,0.891075,0.866694,0.778206,0.653693,0.126549,0.611713,0.759086,0.729941,0.541790,0.514791,0.562423,0.733721,0.707103,0.404356,0.500357,0.760015,0.688854,0.200286,0.436762,0.521722,0.057323,0.271562,-0.031985,0.133115,-0.166697
20Y-6M,0.017121,0.127609,0.340688,0.590317,0.699200,0.823965,0.886732,0.934600,0.964938,0.949783,0.010451,0.304013,0.432596,0.513936,0.672108,0.767419,0.821509,1.000000,0.835773,0.422694,0.545675,0.615544,0.769499,0.844292,0.887199,1.000000,0.882039,0.490837,0.603468,0.730767,0.794909,0.805284,1.000000,0.737231,0.382364,0.627547,0.712204,0.691255,0.723775,0.566040,0.573290,0.677451,0.640467,0.545441,0.489934,0.593842,0.527183,0.297583,0.358183,0.322086,0.143281,0.212233,0.106314,0.137992,-0.203124
30Y-6M,0.080601,0.100352,0.217395,0.340108,0.418785,0.539930,0.621621,0.698257,0.764667,0.790016,-0.322756,-0.116821,-0.067394,-0.020311,0.274314,0.552315,0.743146,0.797271,0.980129,0.188286,0.183889,0.254256,0.582302,0.791128,0.925876,0.882039,1.000000,0.082638,0.266732,0.809990,0.952131,0.993710,0.839147,0.971859,0.323330,0.883996,0.955489,0.949253,0.707875,0.865864,0.738136,0.877972,0.887301,0.610000,0.826225,0.831189,0.836554,0.447767,0.770440,0.719335,0.328931,0.663649,0.250981,0.574369,0.047901
2Y-1Y,0.135163,0.209462,0.333271,0.656978,0.650251,0.631597,0.597344,0.558030,0.498917,0.458370,0.320952,0.472339,0.746531,0.643644,0.678465,0.570755,0.473189,0.524065,0.167155,0.338025,0.680954,0.533507,0.550172,0.440877,0.350992,0.490837,0.082638,1.000000,0.662082,0.497215,0.323996,0.223042,0.410341,-0.016117,-0.377967,-0.161214,-0.081349,-0.093792,0.021782,-0.242130,0.184797,0.101107,0.016706,-0.080150,-0.207430,-0.030035,-0.116589,-0.221872,-0.348662,-0.212241,-0.290634,-0.437595,-0.266882,-0.503152,-0.312771
3Y-1Y,0.122847,0.197063,0.332200,0.641691,0.719291,0.717325,0.691213,0.653696,0.595496,0.557268,0.080752,0.308673,0.463635,0.589870,0.509046,0.477561,0.438899,0.626165,0.278911,0.333585,0.516563,0.645329,0.538067,0.478114,0.428171,0.603468,0.266732,0.662082,1.000000,0.485535,0.377298,0.309174,0.524411,0.146162,0.468828,0.115581,0.143263,0.116611,0.168482,-0.011066,-0.104695,0.005441,0.000883,-0.001125,-0.111249,0.098939,0.032036,-0.139457,-0.134167,-0.053323,-0.229594,-0.208377,-0.225760,-0.256922,-0.294084
5Y-1Y,0.117291,0.186961,0.303710,0.563257,0.646484,0.733643,0.744384,0.737526,0.700339,0.673547,-0.064194,-0.081190,0.091222,0.059977,0.420536,0.615717,0.739382,0.718081,0.853465,0.014875,0.186052,0.161928,0.560505,0.698596,0.773303,0.730767,0.809990,0.497215,0.485535,1.000000,1.000000,0.954360,0.699346,0.788677,0.042462,0.851489,0.807043,0.741395,0.427213,0.584190,0.827402,0.788866,0.721876,0.285711,0.580378,0.570579,0.549985,0.046967,0.461894,0.472727,-0.070082,0.377272,-0.113130,0.304012,-0.214686
7Y-1Y,0.108671,0.171264,0.272454,0.483786,0.568951,0.676954,0.731724,0.751049,0.742599,0.727591,-0.158073,-0.116053,0.015726,0.007450,0.357877,0.651485,0.813679,0.760073,0.964717,0.053134,0.160494,0.166093,0.555979,0.786543,0.891075,0.794909,0.952131,0.323996,0.377298,1.000000,1.000000,1.000000,0.795933,0.912903,0.148510,0.903888,0.966580,0.904201,0.574184,0.731355,0.824849,0.915662,0.862432,0.441588,0.716468,0.809637,0.757426,0.225921,0.631104,0.618645,0.048418,0.504843,0.003453,0.409002,-0.167226
10Y-1Y,0.090962,0.123255,0.196094,0.367482,0.449757,0.570614,0.642309,0.709018,0.732287,0.731603,-0.185483,-0.211912,-0.092237,-0.084895,0.247583,0.545391,0.759855,0.743494,0.975424,-0.036888,0.054062,0.081290,0.456428,0.704579,0.866694,0.805284,0.993710,0.223042,0.309174,0.954360,1.000000,1.000000,0.844146,1.000000,0.237426,0.936860,0.996877,0.989278,0.673799,0.848030,0.839582,0.936897,0.936280,0.557685,0.817637,0.825309,0.846048,0.363420,0.737188,0.761184,0.220915,0.628488,0.096445,0.511361,-0.076350
20Y-1Y,0.001583,0.053743,0.161004,0.420606,0.539014,0.679480,0.753868,0.815342,0.863930,0.859471,-0.041872,0.102899,0.255279,0.337430,0.508002,0.627538,0.704370,0.938047,0.769359,0.170819,0.344160,0.423828,0.600103,0.706999,0.778206,1.000000,0.839147,0.410341,0.524411,0.699346,0.795933,0.844146,1.000000,0.845886,0.378553,0.681728,0.793244,0.798092,0.887603,0.705354,0.648513,0.775975,0.758465,0.719336,0.630936,0.686193,0.646509,0.470443,0.495869,0.432856,0.299748,0.350424,0.233730,0.268135,-0.130908
30Y-1Y,0.063601,0.039444,0.047848,0.147567,0.223300,0.354700,0.447175,0.541237,0.634696,0.675025,-0.200804,-0.415789,-0.329466,-0.291005,0.003238,0.274881,0.505552,0.635942,0.901607,-0.268297,-0.214932,-0.143955,0.200699,0.454510,0.653693,0.737231,0.971859,-0.016117,0.146162,0.788677,0.912903,1.000000,0.845886,1.000000,0.410731,0.998079,0.998681,1.000000,0.803948,1.000000,0.858898,0.919942,0.952107,0.736685,0.980986,0.765615,0.842426,0.598168,0.901974,0.782088,0.492476,0.849238,0.393632,0.790669,0.140649
3Y-2Y,0.127876,0.143057,0.205580,0.259598,0.378609,0.404318,0.422348,0.431822,0.427675,0.417565,-0.063391,-0.137156,-0.194771,0.075973,-0.139919,-0.100490,-0.032148,0.367956,0.217594,0.006814,-0.120350,0.216269,0.002922,0.061061,0.126549,0.382364,0.323330,-0.377967,0.468828,0.042462,0.148510,0.237426,0.378553,0.410731,1.000000,0.532118,0.382229,0.353544,0.343995,0.388717,-0.141858,-0.048799,0.000048,0.170639,0.119501,0.019695,0.027794,0.091788,0.138466,0.022685,0.022546,0.164875,-0.017489,0.211481,-0.118028
5Y-2Y,0.085143,0.099118,0.152962,0.245478,0.354694,0.487707,0.537614,0.571833,0.585560,0.581667,-0.208655,-0.390259,-0.355784,-0.295945,0.023482,0.272258,0.466869,0.569797,0.837659,-0.218638,-0.233350,-0.131390,0.243462,0.458825,0.611713,0.627547,0.883996,-0.161214,0.115581,0.851489,0.903888,0.936860,0.681728,0.998079,0.532118,1.000000,1.000000,0.960064,0.660537,0.915247,0.872487,0.850239,0.828550,0.528800,0.827400,0.613837,0.651298,0.292091,0.726232,0.603371,0.192287,0.692533,0.110655,0.667931,-0.055291
7Y-2Y,0.052282,0.064401,0.112554,0.201371,0.309215,0.451851,0.536625,0.590846,0.629638,0.634595,-0.272562,-0.296270,-0.260570,-0.206253,0.115410,0.424416,0.617795,0.637056,0.899598,-0.090022,-0.098080,-0.012825,0.353415,0.613826,0.759086,0.712204,0.955489,-0.081349,0.143263,0.807043,0.966580,0.996877,0.793244,0.998681,0.382229,1.000000,1.000000,1.000000,0.792331,0.940182,0.824430,0.955591,0.943264,0.673813,0.886633,0.868377,0.855644,0.467981,0.815324,0.711569,0.294590,0.705665,0.223512,0.634341,-0.035251
10Y-2Y,0.020297,0.005263,0.025796,0.092807,0.194580,0.340427,0.434528,0.528682,0.593392,0.613535,-0.293975,-0.348735,-0.310535,-0.255774,0.052970,0.353870,0.581428,0.598656,0.878091,-0.147849,-0.150853,-0.065816,0.286742,0.545670,0.729941,0.691255,0.949253,-0.093792,0.116611,0.741395,0.904201,0.989278,0.798092,1.000000,0.353544,0.960064,1.000000,1.000000,0.857188,0.994953,0.807671,0.948215,0.992403,0.766649,0.949410,0.874330,0.934732,0.590380,0.886600,0.843137,0.456641,0.789968,0.299898,0.681875,0.068780
20Y-2Y,-0.037980,-0.056064,-0.034694,0.032021,0.150078,0.307510,0.408689,0.504281,0.598805,0.623237,-0.137332,-0.106720,-0.061832,0.027698,0.201232,0.346897,0.455547,0.614058,0.614420,-0.037634,0.001338,0.099421,0.289128,0.433250,0.541790,0.723775,0.707875,0.021782,0.168482,0.427213,0.574184,0.673799,0.887603,0.803948,0.343995,0.660537,0.792331,0.857188,1.000000,0.885879,0.649848,0.812202,0.858522,0.999542,0.832108,0.763229,0.789759,0.799164,0.718152,0.592748,0.638798,0.587984,0.511750,0.500928,0.094534
30Y-2Y,-0.020622,-0.078974,-0.120064,-0.105239,-0.016722,0.127262,0.229953,0.335922,0.452873,0.509362,-0.301979,-0.502873,-0.482454,-0.418060,-0.142041,0.125744,0.351872,0.448596,0.766435,-0.331628,-0.356400,-0.256411,0.067370,0.316610,0.514791,0.566040,0.865864,-0.242130,-0.011066,0.584190,0.731355,0.848030,0.705354,1.000000,0.388717,0.915247,0.940182,0.994953,0.885879,1.000000,0.775320,0.880748,0.952650,0.874606,1.000000,0.794498,0.900014,0.778698,1.000000,0.838529,0.689945,0.958852,0.575613,0.904097,0.289961
5Y-3Y,0.055681,0.048466,0.076544,0.159747,0.219988,0.386396,0.447836,0.496723,0.528592,0.528670,-0.069610,-0.258255,-0.142659,-0.228814,0.185044,0.363310,0.501397,0.505231,0.726340,-0.205908,-0.098826,-0.182731,0.285228,0.447087,0.562423,0.573290,0.738136,0.184797,-0.104695,0.827402,0.824849,0.839582,0.648513,0.858898,-0.141858,0.872487,0.824430,0.807671,0.649848,0.775320,1.000000,0.948912,0.886361,0.606072,0.808706,0.577738,0.602412,0.336528,0.608405,0.523918,0.255485,0.549184,0.185366,0.498895,-0.017740
7Y-3Y,0.015764,0.008550,0.032007,0.108243,0.186307,0.351986,0.448450,0.515487,0.573234,0.583078,-0.219924,-0.234285,-0.157986,-0.188066,0.200877,0.474268,0.638052,0.593056,0.838070,-0.090314,-0.031305,-0.055191,0.376923,0.608079,0.733721,0.677451,0.877972,0.101107,0.005441,0.788866,0.915662,0.936897,0.775975,0.919942,-0.048799,0.850239,0.955591,0.948215,0.812202,0.880748,0.948912,1.000000,1.000000,0.767263,0.914019,0.890710,0.874776,0.551531,0.792051,0.698744,0.377741,0.656787,0.312832,0.569032,0.009223
10Y-3Y,-0.026007,-0.059511,-0.064423,-0.008520,0.069821,0.230982,0.333002,0.434958,0.512360,0.539185,-0.282480,-0.320150,-0.256967,-0.265465,0.100468,0.384058,0.591383,0.539876,0.828904,-0.155869,-0.115353,-0.113367,0.295171,0.537199,0.707103,0.640467,0.887301,0.016706,0.000883,0.721876,0.862432,0.936280,0.758465,0.952107,0.000048,0.828550,0.943264,0.992403,0.858522,0.952650,0.886361,1.000000,1.000000,0.845803,0.987778,0.910248,0.978519,0.674383,0.900388,0.865347,0.543921,0.784988,0.380179,0.657475,0.132774
20Y-3Y,-0.057161,-0.110937,-0.150769,-0.148849,-0.077665,0.077125,0.185298,0.295418,0.419833,0.464782,-0.164134,-0.198421,-0.170958,-0.116057,0.054776,0.201102,0.318514,0.431317,0.515531,-0.137748,-0.117515,-0.057740,0.133940,0.284398,0.404356,0.545441,0.610000,-0.080150,-0.001125,0.285711,0.441588,0.557685,0.719336,0.736685,0.170639,0.528800,0.673813,0.766649,0.999542,0.874606,0.606072,0.767263,0.845803,1.000000,0.889707,0.746716,0.814330,0.938680,0.796507,0.642549,0.807583,0.682202,0.677944,0.599412,0.224248
30Y-3Y,-0.068098,-0.137190,-0.198052,-0.196924,-0.129109,0.020049,0.124164,0.230055,0.350175,0.410164,-0.327598,-0.512473,-0.485560,-0.467564,-0.138292,0.137139,0.358472,0.371523,0.741614,-0.350617,-0.360061,-0.318902,0.058509,0.308787,0.500357,0.489934,0.826225,-0.207430,-0.111249,0.580378,0.716468,0.817637,0.630936,0.980986,0.119501,0.827400,0.886633,0.949410,0.832108,1.000000,0.808706,0.914019,0.987778,0.889707,1.000000,0.836438,0.952288,0.828966,1.000000,0.888039,0.752230,0.996815,0.638618,0.929988,0.354321
7Y-5Y,-0.068045,-0.069864,-0.059799,-0.009021,0.073015,0.200977,0.322591,0.395441,0.467028,0.488057,-0.364421,-0.175570,-0.162894,-0.129764,0.161821,0.491776,0.650093,0.516530,0.775184,0.051497,0.032913,0.075956,0.389721,0.652286,0.760015,0.593842,0.831189,-0.030035,0.098939,0.570579,0.809637,0.825309,0.686193,0.765615,0.019695,0.613837,0.868377,0.874330,0.763229,0.794498,0.577738,0.890710,0.910248,0.746716,0.836438,1.000000,1.000000,0.684004,0.847759,0.763533,0.446036,0.661676,0.402157,0.545173,0.069584
10Y-5Y,-0.103154,-0.144873,-0.172977,-0.148811,-0.073100,0.056689,0.168108,0.282018,0.370216,0.410920,-0.407820,-0.333078,-0.320351,-0.286925,0.014440,0.335897,0.558371,0.425281,0.763987,-0.108063,-0.128796,-0.081274,0.249191,0.512353,0.688854,0.527183,0.836554,-0.116589,0.032036,0.549985,0.757426,0.846048,0.646509,0.842426,0.027794,0.651298,0.855644,0.934732,0.789759,0.900014,0.602412,0.874776,0.978519,0.814330,0.952288,1.000000,1.000000,0.795638,0.983592,0.981894,0.655956,0.851032,0.458738,0.688969,0.233745
20Y-5Y,-0.084011,-0.169081,-0.278833,-0.360282,-0.323590,-0.226011,-0.112854,0.005793,0.162044,0.227615,-0.189106,-0.292036,-0.306377,-0.255166,-0.148465,-0.004395,0.118770,0.183646,0.352412,-0.244343,-0.268959,-0.210878,-0.089831,0.068848,0.200286,0.297583,0.447767,-0.221872,-0.139457,0.046967,0.225921,0.363420,0.470443,0.598168,0.091788,0.292091,0.467981,0.590380,0.799164,0.778698,0.336528,0.551531,0.674383,0.938680,0.828966,0.684004,0.795638,1.000000,0.862278,0.667181,0.983878,0.777433,0.875548,0.706775,0.357931
30Y-5Y,-0.118136,-0.191668,-0.274704,-0.311177,-0.252434,-0.136407,-0.034873,0.070956,0.196054,0.265362,-0.411935,-0.568181,-0.587424,-0.546473,-0.254962,0.048693,0.284969,0.242813,0.681772,-0.371905,-0.435122,-0.365493,-0.031689,0.237022,0.436762,0.358183,0.770440,-0.348662,-0.134167,0.461894,0.631104,0.737188,0.495869,0.901974,0.138466,0.726232,0.815324,0.886600,0.718152,1.000000,0.608405,0.792051,0.900388,0.796507,1.000000,0.847759,0.983592,0.862278,1.000000,0.949595,0.811428,1.000000,0.704515,1.000000,0.444693
10Y-7Y,-0.120716,-0.176263,-0.238186,-0.251655,-0.200830,-0.098206,-0.018611,0.113907,0.200972,0.252586,-0.397028,-0.466027,-0.465156,-0.444892,-0.165972,0.124052,0.398690,0.230295,0.662200,-0.266837,-0.303171,-0.261466,0.052515,0.292926,0.521722,0.322086,0.719335,-0.212241,-0.053323,0.472727,0.618645,0.761184,0.432856,0.782088,0.022685,0.603371,0.711569,0.843137,0.592748,0.838529,0.523918,0.698744,0.865347,0.642549,0.888039,0.763533,0.981894,0.667181,0.949595,1.000000,0.690077,0.915907,0.388227,0.739177,0.353855
20Y-7Y,-0.084363,-0.194443,-0.328392,-0.449902,-0.437923,-0.357267,-0.278088,-0.148355,0.020275,0.086763,-0.200715,-0.338011,-0.372687,-0.331261,-0.246202,-0.158184,-0.022644,0.030672,0.229337,-0.300493,-0.340636,-0.292882,-0.195173,-0.090502,0.057323,0.143281,0.328931,-0.290634,-0.229594,-0.070082,0.048418,0.220915,0.299748,0.492476,0.022546,0.192287,0.294590,0.456641,0.638798,0.689945,0.255485,0.377741,0.543921,0.807583,0.752230,0.446036,0.655956,0.983878,0.811428,0.690077,1.000000,0.822988,0.945153,0.753801,0.423339
30Y-7Y,-0.121580,-0.207769,-0.317434,-0.383776,-0.341943,-0.247331,-0.163915,-0.058782,0.071493,0.148401,-0.386559,-0.657104,-0.690072,-0.652579,-0.389648,-0.119074,0.124037,0.102924,0.579570,-0.492824,-0.570146,-0.498453,-0.189354,0.058110,0.271562,0.212233,0.663649,-0.437595,-0.208377,0.377272,0.504843,0.628488,0.350424,0.849238,0.164875,0.692533,0.705665,0.789968,0.587984,0.958852,0.549184,0.656787,0.784988,0.682202,0.996815,0.661676,0.851032,0.777433,1.000000,0.915907,0.822988,1.000000,0.708871,1.000000,0.540453
20Y-10Y,-0.074241,-0.176132,-0.298451,-0.410119,-0.413750,-0.358667,-0.281560,-0.197637,-0.010009,0.049087,-0.170593,-0.297537,-0.335924,-0.303505,-0.240151,-0.161714,-0.094317,0.013712,0.163640,-0.272121,-0.312865,-0.275822,-0.205196,-0.110196,-0.031985,0.106314,0.250981,-0.266882,-0.225760,-0.113130,0.003453,0.096445,0.233730,0.393632,-0.017489,0.110655,0.223512,0.299898,0.511750,0.575613,0.185366,0.312832,0.380179,0.677944,0.638618,0.402157,0.458738,0.875548,0.704515,0.388227,0.945153,0.708871,1.000000,0.767223,0.322996
30Y-10Y,-0.112885,-0.200509,-0.318489,-0.401118,-0.368603,-0.291138,-0.218818,-0.136156,0.002325,0.082146,-0.343342,-0.681377,-0.728847,-0.687941,-0.456345,-0.218269,-0.005779,0.037620,0.493382,-0.548062,-0.638781,-0.560744,-0.283215,-0.055587,0.133115,0.137992,0.574369,-0.503152,-0.256922,0.304012,0.409002,0.511361,0.268135,0.790669,0.211481,0.667931,0.634341,0.681875,0.500928,0.904097,0.498895,0.569032,0.657475,0.599412,0.929988,0.545173,0.688969,0.706775,1.000000,0.739177,0.753801,1.000000,0.767223,1.000000,0.557381
30Y-20Y,-0.073352,-0.150063,-0.279625,-0.411767,-0.443923,-0.443921,-0.408226,-0.346625,-0.272254,-0.138862,-0.149828,-0.270093,-0.335795,-0.341104,-0.319043,-0.280164,-0.206742,-0.257856,-0.002530,-0.254140,-0.331771,-0.329011,-0.293848,-0.246781,-0.166697,-0.203124,0.047901,-0.312771,-0.294084,-0.214686,-0.167226,-0.076350,-0.130908,0.140649,-0.118028,-0.055291,-0.035251,0.068780,0.094534,0.289961,-0.017740,0.009223,0.132774,0.224248,0.354321,0.069584,0.233745,0.357931,0.444693,0.353855,0.423339,0.540453,0.322996,0.557381,1.000000
