,3M-1M,6M-1M,1Y-1M,2Y-1M,3Y-1M,5Y-1M,7Y-1M,10Y-1M,20Y-1M,30Y-1M,6M-3M,1Y-3M,2Y-3M,3Y-3M,5Y-3M,7Y-3M,10Y-3M,20Y-3M,30Y-3M,1Y-6M,2Y-6M,3Y-6M,5Y-6M,7Y-6M,10Y-6M,20Y-6M,30Y-6M,2Y-1Y,3Y-1Y,5Y-1Y,7Y-1Y,10Y-1Y,20Y-1Y,30Y-1Y,3Y-2Y,5Y-2Y,7Y-2Y,10Y-2Y,20Y-2Y,30Y-2Y,5Y-3Y,7Y-3Y,10Y-3Y,20Y-3Y,30Y-3Y,7Y-5Y,10Y-5Y,20Y-5Y,30Y-5Y,10Y-7Y,20Y-7Y,30Y-7Y,20Y-10Y,30Y-10Y,30Y-20Y
3M-1M,1.000000,0.777585,0.604541,0.434098,0.380617,0.348093,0.338003,0.338909,0.347822,0.356900,0.173232,0.188213,0.159966,0.164737,0.178419,0.179931,0.167397,0.154746,0.142410,0.131750,0.113639,0.120600,0.137370,0.135751,0.115238,0.093812,0.075003,0.093320,0.092096,0.101876,0.096271,0.067718,0.045269,0.027493,0.065256,0.058341,0.036913,-0.005872,-0.026813,-0.053071,0.027973,0.001906,-0.050737,-0.068758,-0.094365,-0.066544,-0.123184,-0.120335,-0.137228,-0.151875,-0.127771,-0.145237,-0.075478,-0.113908,-0.138625
6M-1M,0.777585,1.000000,0.883848,0.676262,0.615032,0.560326,0.534305,0.497811,0.455001,0.446574,0.627203,0.437893,0.389026,0.370629,0.350962,0.335217,0.309172,0.272578,0.253627,0.176068,0.215213,0.220571,0.225352,0.215401,0.188152,0.142078,0.116762,0.221354,0.207447,0.189264,0.169740,0.131501,0.074249,0.048734,0.124422,0.091788,0.060543,0.012655,-0.041761,-0.073049,0.039702,0.006927,-0.049507,-0.101158,-0.131017,-0.069093,-0.132466,-0.168370,-0.187497,-0.166040,-0.190244,-0.206936,-0.168044,-0.203061,-0.170986
1Y-1M,0.604541,0.883848,1.000000,0.979681,0.917820,0.820927,0.753887,0.670769,0.568859,0.517352,0.526276,0.631584,0.584871,0.558989,0.513856,0.481634,0.442277,0.374873,0.347474,0.482359,0.468159,0.453964,0.421928,0.391798,0.349019,0.269743,0.235440,0.391844,0.375218,0.326833,0.288949,0.236400,0.135022,0.097683,0.239094,0.174815,0.129645,0.074416,-0.030715,-0.071412,0.094907,0.049706,-0.011986,-0.118101,-0.154670,-0.051433,-0.116106,-0.216394,-0.239511,-0.159860,-0.264892,-0.280653,-0.293718,-0.327314,-0.218206
2Y-1M,0.434098,0.676262,0.979681,1.000000,1.000000,1.000000,0.992181,0.873563,0.737203,0.665849,0.449825,0.610922,0.793635,0.773078,0.708954,0.651396,0.585108,0.480504,0.441844,0.500049,0.722993,0.704632,0.643941,0.584277,0.512496,0.395235,0.350095,0.755027,0.706068,0.604138,0.524232,0.431848,0.280887,0.230339,0.411981,0.323692,0.250975,0.172862,0.016982,-0.029668,0.219025,0.143634,0.063935,-0.097390,-0.138049,-0.002687,-0.074625,-0.240819,-0.263620,-0.134693,-0.319266,-0.327053,-0.414670,-0.423313,-0.220052
3Y-1M,0.380617,0.615032,0.917820,1.000000,1.000000,1.000000,1.000000,0.961426,0.827517,0.749474,0.419990,0.600447,0.795374,0.824116,0.777436,0.724684,0.655806,0.548360,0.507406,0.505745,0.736889,0.769057,0.722532,0.666380,0.591299,0.470917,0.423789,0.763327,0.788102,0.700632,0.623633,0.525017,0.369892,0.315605,0.576771,0.452964,0.370302,0.278074,0.111678,0.059466,0.308166,0.232658,0.144264,-0.027631,-0.072796,0.071615,-0.010041,-0.190760,-0.216295,-0.089559,-0.285928,-0.294473,-0.404272,-0.405740,-0.204593
5Y-1M,0.348093,0.560326,0.820927,1.000000,1.000000,1.000000,1.000000,1.000000,0.957589,0.873775,0.392865,0.585691,0.771520,0.822488,0.836591,0.806294,0.748477,0.651897,0.611783,0.504874,0.723049,0.777389,0.791965,0.757467,0.692255,0.581817,0.534854,0.731292,0.791971,0.786891,0.734320,0.642730,0.498581,0.441735,0.633591,0.593967,0.518364,0.417685,0.253398,0.194206,0.480560,0.395792,0.287778,0.112547,0.058605,0.194494,0.097532,-0.086168,-0.117279,-0.008623,-0.200362,-0.213215,-0.339196,-0.333265,-0.165269
7Y-1M,0.338003,0.534305,0.753887,0.992181,1.000000,1.000000,1.000000,1.000000,1.000000,0.959668,0.380797,0.576343,0.739934,0.799572,0.840827,0.841724,0.798366,0.720157,0.682482,0.502365,0.694541,0.758177,0.800780,0.798134,0.746638,0.653947,0.608607,0.680170,0.760611,0.794829,0.781950,0.703720,0.579330,0.522667,0.644979,0.640624,0.599533,0.500011,0.349038,0.286085,0.540177,0.491261,0.376208,0.211131,0.151744,0.315735,0.188877,0.011783,-0.026772,0.047352,-0.123318,-0.141655,-0.262011,-0.256487,-0.132849
10Y-1M,0.338909,0.497811,0.670769,0.873563,0.961426,1.000000,1.000000,1.000000,1.000000,1.000000,0.364647,0.563426,0.702389,0.765242,0.826546,0.846893,0.837257,0.782406,0.752407,0.494690,0.660429,0.727614,0.791558,0.808784,0.790688,0.720614,0.681686,0.619136,0.713520,0.782086,0.794319,0.754490,0.654558,0.602650,0.639562,0.667569,0.645520,0.575698,0.441247,0.377679,0.582992,0.550157,0.460617,0.308000,0.245533,0.380804,0.280979,0.111862,0.067902,0.146818,-0.018573,-0.044728,-0.175970,-0.168699,-0.090608
20Y-1M,0.347822,0.455001,0.568859,0.737203,0.827517,0.957589,1.000000,1.000000,1.000000,1.000000,0.347956,0.541988,0.639284,0.702759,0.782335,0.823644,0.834982,0.835286,0.813085,0.473263,0.597119,0.666055,0.749336,0.788325,0.790891,0.776362,0.744032,0.533344,0.637755,0.737640,0.778503,0.761981,0.725173,0.676879,0.608997,0.667500,0.671383,0.616524,0.540501,0.474552,0.603496,0.596944,0.515346,0.419944,0.351240,0.449582,0.347747,0.240099,0.184527,0.204349,0.120818,0.077627,0.003571,-0.014467,-0.054290
30Y-1M,0.356900,0.446574,0.517352,0.665849,0.749474,0.873775,0.959668,1.000000,1.000000,1.000000,0.342566,0.522197,0.601493,0.666901,0.754703,0.804044,0.827990,0.842855,0.840274,0.458220,0.559053,0.630357,0.722890,0.770679,0.786483,0.786521,0.774609,0.485857,0.593142,0.705540,0.757572,0.758030,0.739363,0.713154,0.583058,0.657270,0.671031,0.630578,0.571377,0.523736,0.600990,0.604540,0.536002,0.456669,0.404155,0.464776,0.375139,0.282389,0.243414,0.232871,0.168178,0.142766,0.060624,0.070275,0.026107
6M-3M,0.173232,0.627203,0.526276,0.449825,0.419990,0.392865,0.380797,0.364647,0.347956,0.342566,1.000000,0.293199,0.425697,0.385458,0.303606,0.256476,0.218329,0.176322,0.144427,-0.065961,0.149411,0.148281,0.115885,0.095441,0.088593,0.046925,0.024242,0.508806,0.396333,0.252566,0.187729,0.145371,0.085629,0.047298,0.086409,0.018553,-0.004521,0.002264,-0.053915,-0.078126,-0.031536,-0.043353,-0.026043,-0.083266,-0.106664,-0.063428,-0.035978,-0.101800,-0.127435,-0.021348,-0.109331,-0.140078,-0.161167,-0.216179,-0.181328
1Y-3M,0.188213,0.437893,0.631584,0.610922,0.600447,0.585691,0.576343,0.563426,0.541988,0.522197,0.293199,1.000000,0.970952,0.936763,0.925880,0.936364,0.951314,0.959588,0.945400,1.000000,0.953183,0.914297,0.893392,0.898547,0.909013,0.910287,0.891745,0.249099,0.395422,0.588792,0.698895,0.799705,0.824449,0.811640,0.512408,0.632908,0.704767,0.780614,0.760488,0.752104,0.669270,0.721486,0.784756,0.736068,0.736026,0.713242,0.797827,0.689331,0.714857,0.786336,0.627647,0.682054,0.144838,0.455416,0.672351
2Y-3M,0.159966,0.389026,0.584871,0.793635,0.795374,0.771520,0.739934,0.702389,0.639284,0.601493,0.425697,0.970952,1.000000,1.000000,0.977131,0.948562,0.925931,0.863945,0.840445,0.846927,0.997277,0.974420,0.927181,0.898168,0.880036,0.812174,0.789155,0.626091,0.705913,0.776668,0.804499,0.837219,0.761881,0.739498,0.613363,0.655093,0.673006,0.717617,0.603247,0.596618,0.641443,0.646461,0.693284,0.548137,0.552533,0.588226,0.676638,0.459310,0.491689,0.670698,0.372061,0.438175,-0.142617,0.147183,0.521943
3Y-3M,0.164737,0.370629,0.558989,0.773078,0.824116,0.822488,0.799572,0.765242,0.702759,0.666901,0.385458,0.936763,1.000000,1.000000,1.000000,0.992099,0.964294,0.889168,0.869708,0.828175,0.987508,1.000000,0.978117,0.949444,0.924065,0.842358,0.822775,0.645869,0.777349,0.866376,0.886189,0.900324,0.804386,0.784885,0.741037,0.766108,0.763217,0.782888,0.643391,0.639065,0.729747,0.714054,0.738042,0.566544,0.575434,0.621002,0.694226,0.447726,0.490478,0.673753,0.342562,0.424808,-0.191612,0.123045,0.552984
5Y-3M,0.178419,0.350962,0.513856,0.708954,0.777436,0.836591,0.840827,0.826546,0.782335,0.754703,0.303606,0.925880,0.977131,1.000000,1.000000,1.000000,1.000000,0.959954,0.947271,0.846535,0.966465,1.000000,1.000000,1.000000,0.993589,0.920739,0.905570,0.575830,0.759186,0.915039,0.954958,0.973019,0.887631,0.872420,0.813050,0.876719,0.872903,0.876753,0.741366,0.735708,0.849718,0.824058,0.825469,0.655696,0.663345,0.698851,0.750882,0.509494,0.555463,0.706858,0.390919,0.479687,-0.143468,0.190629,0.608851
7Y-3M,0.179931,0.335217,0.481634,0.651396,0.724684,0.806294,0.841724,0.846893,0.823644,0.804044,0.256476,0.936364,0.948562,0.992099,1.000000,1.000000,1.000000,1.000000,1.000000,0.873711,0.949983,0.989550,1.000000,1.000000,1.000000,0.977771,0.962020,0.495995,0.696824,0.891497,0.967109,0.996603,0.942597,0.925732,0.800367,0.895788,0.920838,0.921722,0.814189,0.801767,0.882828,0.885954,0.875376,0.733150,0.731901,0.782930,0.800369,0.590562,0.625148,0.726947,0.462516,0.539190,-0.042609,0.277242,0.617760
10Y-3M,0.167397,0.309172,0.442277,0.585108,0.655806,0.748477,0.798366,0.837257,0.834982,0.827990,0.218329,0.951314,0.925931,0.964294,1.000000,1.000000,1.000000,1.000000,1.000000,0.905585,0.938480,0.971111,1.000000,1.000000,1.000000,1.000000,1.000000,0.413407,0.617941,0.841767,0.935538,1.000000,0.982144,0.972796,0.753950,0.882527,0.919795,0.957012,0.871946,0.860965,0.885171,0.896086,0.919104,0.798033,0.795440,0.794022,0.852243,0.664080,0.694639,0.793761,0.552660,0.620809,0.042621,0.362791,0.652023
20Y-3M,0.154746,0.272578,0.374873,0.480504,0.548360,0.651897,0.720157,0.782406,0.835286,0.842855,0.176322,0.959588,0.863945,0.889168,0.959954,1.000000,1.000000,1.000000,1.000000,0.930835,0.884438,0.902274,0.960640,1.000000,1.000000,1.000000,1.000000,0.253425,0.458962,0.722834,0.861680,0.971225,1.000000,1.000000,0.649798,0.822288,0.900385,0.955609,0.954442,0.929793,0.851902,0.903950,0.933493,0.900208,0.878507,0.843046,0.881234,0.797472,0.799632,0.805138,0.707045,0.736256,0.286479,0.550046,0.631973
30Y-3M,0.142410,0.253627,0.347474,0.441844,0.507406,0.611783,0.682482,0.752407,0.813085,0.840274,0.144427,0.945400,0.840445,0.869708,0.947271,1.000000,1.000000,1.000000,1.000000,0.924429,0.868320,0.889755,0.953804,0.999299,1.000000,1.000000,1.000000,0.230908,0.445711,0.718580,0.856698,0.973393,1.000000,1.000000,0.657144,0.833047,0.907143,0.968317,0.961502,0.948447,0.865353,0.911791,0.948348,0.907527,0.897273,0.843815,0.896936,0.801120,0.816714,0.828279,0.710982,0.755988,0.274122,0.562316,0.681988
1Y-6M,0.131750,0.176068,0.482359,0.500049,0.505745,0.504874,0.502365,0.494690,0.473263,0.458220,-0.065961,1.000000,0.846927,0.828175,0.846535,0.873711,0.905585,0.930835,0.924429,1.000000,0.936595,0.895351,0.886357,0.900073,0.919576,0.936965,0.924629,0.089775,0.274397,0.522079,0.657717,0.781894,0.832379,0.829293,0.492583,0.644543,0.725466,0.802138,0.804646,0.797465,0.695047,0.750161,0.808216,0.782940,0.782997,0.737588,0.811596,0.733470,0.758728,0.784956,0.672584,0.727174,0.219588,0.536334,0.708182
2Y-6M,0.113639,0.215213,0.468159,0.722993,0.736889,0.723049,0.694541,0.660429,0.597119,0.559053,0.149411,0.953183,0.997277,0.987508,0.966465,0.949983,0.938480,0.884438,0.868320,0.936595,1.000000,1.000000,0.970663,0.946033,0.930770,0.870232,0.852265,0.529912,0.648124,0.766941,0.816498,0.867060,0.803605,0.790788,0.636394,0.704106,0.730863,0.779343,0.672173,0.671436,0.703757,0.713124,0.760638,0.620335,0.630869,0.654119,0.743506,0.527971,0.568842,0.731429,0.435508,0.513841,-0.103219,0.222164,0.610206
3Y-6M,0.120600,0.220571,0.453964,0.704632,0.769057,0.777389,0.758177,0.727614,0.666055,0.630357,0.148281,0.914297,0.974420,1.000000,1.000000,0.989550,0.971111,0.902274,0.889755,0.895351,1.000000,1.000000,1.000000,0.986450,0.963198,0.887281,0.872543,0.562127,0.728732,0.858623,0.895996,0.923656,0.836592,0.825752,0.764662,0.810051,0.813315,0.834639,0.699960,0.701226,0.783614,0.770541,0.793721,0.625070,0.639834,0.675655,0.748654,0.502288,0.553105,0.722540,0.392011,0.485687,-0.161384,0.183536,0.627544
5Y-6M,0.137370,0.225352,0.421928,0.643941,0.722532,0.791965,0.800780,0.791558,0.749336,0.722890,0.115885,0.893392,0.927181,0.978117,1.000000,1.000000,1.000000,0.960640,0.953804,0.886357,0.970663,1.000000,1.000000,1.000000,1.000000,0.947148,0.936254,0.503020,0.712263,0.899782,0.953430,0.982322,0.905255,0.897079,0.823160,0.903506,0.904531,0.909432,0.779528,0.778051,0.884907,0.861210,0.861506,0.695977,0.707772,0.734545,0.785285,0.547146,0.598464,0.736412,0.425545,0.521714,-0.115944,0.236766,0.658412
7Y-6M,0.135751,0.215401,0.391798,0.584277,0.666380,0.757467,0.798134,0.808784,0.788325,0.770679,0.095441,0.898547,0.898168,0.949444,1.000000,1.000000,1.000000,1.000000,0.999299,0.900073,0.946033,0.986450,1.000000,1.000000,1.000000,0.994237,0.982635,0.431789,0.652527,0.872405,0.959744,0.999134,0.952980,0.942491,0.802538,0.912328,0.942475,0.945567,0.843576,0.835155,0.907298,0.913371,0.903327,0.765581,0.768160,0.811266,0.828771,0.622413,0.661356,0.751728,0.492316,0.574807,-0.017088,0.316737,0.657712
10Y-6M,0.115238,0.188152,0.349019,0.512496,0.591299,0.692255,0.746638,0.790688,0.790891,0.786483,0.088593,0.909013,0.880036,0.924065,0.993589,1.000000,1.000000,1.000000,1.000000,0.919576,0.930770,0.963198,1.000000,1.000000,1.000000,1.000000,1.000000,0.364232,0.582175,0.823024,0.925075,1.000000,0.986695,0.983327,0.750996,0.890750,0.932734,0.975066,0.893846,0.887658,0.901062,0.915297,0.943035,0.824610,0.826750,0.816774,0.880731,0.692869,0.728249,0.822601,0.580706,0.654875,0.061290,0.395593,0.690655
20Y-6M,0.093812,0.142078,0.269743,0.395235,0.470917,0.581817,0.653947,0.720614,0.776362,0.786521,0.046925,0.910287,0.812174,0.842358,0.920739,0.977771,1.000000,1.000000,1.000000,0.936965,0.870232,0.887281,0.947148,0.994237,1.000000,1.000000,1.000000,0.202300,0.419613,0.698142,0.844421,0.962760,1.000000,1.000000,0.641525,0.823961,0.907051,0.968299,0.971463,0.952624,0.862158,0.918187,0.953957,0.923835,0.908002,0.863701,0.909542,0.826017,0.833954,0.835920,0.735863,0.772043,0.304206,0.583287,0.674078
30Y-6M,0.075003,0.116762,0.235440,0.350095,0.423789,0.534854,0.608607,0.681686,0.744032,0.774609,0.024242,0.891745,0.789155,0.822775,0.905570,0.962020,1.000000,1.000000,1.000000,0.924629,0.852265,0.872543,0.936254,0.982635,1.000000,1.000000,1.000000,0.185548,0.409861,0.693778,0.837599,0.962332,1.000000,1.000000,0.647173,0.831244,0.910008,0.978287,0.974608,0.968430,0.872170,0.922640,0.967351,0.928424,0.925248,0.862787,0.926417,0.828605,0.851120,0.862297,0.739145,0.792369,0.287025,0.593008,0.727169
2Y-1Y,0.093320,0.221354,0.391844,0.755027,0.763327,0.731292,0.680170,0.619136,0.533344,0.485857,0.508806,0.249099,0.626091,0.645869,0.575830,0.495995,0.413407,0.253425,0.230908,0.089775,0.529912,0.562127,0.503020,0.431789,0.364232,0.202300,0.185548,1.000000,0.937242,0.735169,0.588999,0.456256,0.222936,0.194717,0.505391,0.365733,0.268617,0.219276,-0.024864,-0.020722,0.257504,0.170147,0.149205,-0.114996,-0.099073,0.044518,0.082911,-0.241376,-0.204676,0.091064,-0.337584,-0.274426,-0.637079,-0.541769,-0.038643
3Y-1Y,0.092096,0.207447,0.375218,0.706068,0.788102,0.791971,0.760611,0.713520,0.637755,0.593142,0.396333,0.395422,0.705913,0.777349,0.759186,0.696824,0.617941,0.458962,0.445711,0.274397,0.648124,0.728732,0.712263,0.652527,0.582175,0.419613,0.409861,0.937242,1.000000,0.919596,0.807586,0.681422,0.453146,0.433839,0.792517,0.665732,0.560510,0.485834,0.229938,0.240038,0.548696,0.445437,0.397927,0.115000,0.143120,0.278306,0.303489,-0.052045,0.011888,0.287116,-0.180113,-0.073616,-0.600390,-0.377200,0.231973
5Y-1Y,0.101876,0.189264,0.326833,0.604138,0.700632,0.786891,0.794829,0.782086,0.737640,0.705540,0.252566,0.588792,0.776668,0.866376,0.915039,0.891497,0.841767,0.722834,0.718580,0.522079,0.766941,0.858623,0.899782,0.872405,0.823024,0.698142,0.693778,0.735169,0.919596,1.000000,0.971650,0.898197,0.729506,0.718852,0.925437,0.906891,0.836041,0.769223,0.555226,0.564150,0.838045,0.748433,0.692331,0.443851,0.471754,0.564857,0.581089,0.256224,0.329413,0.534246,0.111554,0.236586,-0.398503,-0.068922,0.517892
7Y-1Y,0.096271,0.169740,0.288949,0.524232,0.623633,0.734320,0.781950,0.794319,0.778503,0.757572,0.187729,0.698895,0.804499,0.886189,0.954958,0.967109,0.935538,0.861680,0.856698,0.657717,0.816498,0.895996,0.953430,0.959744,0.925075,0.844421,0.837599,0.588999,0.807586,0.971650,1.000000,0.972696,0.868315,0.855234,0.905870,0.952506,0.941808,0.887889,0.730628,0.729881,0.918160,0.887642,0.829306,0.635629,0.650797,0.756709,0.734440,0.466038,0.523190,0.649816,0.310682,0.419730,-0.197524,0.141239,0.610280
10Y-1Y,0.067718,0.131501,0.236400,0.431848,0.525017,0.642730,0.703720,0.754490,0.761981,0.758030,0.145371,0.799705,0.837219,0.900324,0.973019,0.996603,1.000000,0.971225,0.973393,0.781894,0.867060,0.923656,0.982322,0.999134,1.000000,0.962760,0.962332,0.456256,0.681422,0.898197,0.972696,1.000000,0.964228,0.962754,0.830076,0.938471,0.957456,0.976646,0.861321,0.864958,0.937568,0.929829,0.941686,0.786752,0.802506,0.816398,0.877648,0.643315,0.697138,0.825614,0.517835,0.617322,-0.042396,0.325097,0.728029
20Y-1Y,0.045269,0.074249,0.135022,0.280887,0.369892,0.498581,0.579330,0.654558,0.725173,0.739363,0.085629,0.824449,0.761881,0.804386,0.887631,0.942597,0.982144,1.000000,1.000000,0.832379,0.803605,0.836592,0.905255,0.952980,0.986695,1.000000,1.000000,0.222936,0.453146,0.729506,0.868315,0.964228,1.000000,1.000000,0.684839,0.854516,0.931058,0.974825,0.978869,0.963639,0.893710,0.943128,0.964648,0.935487,0.925858,0.892002,0.926461,0.841425,0.857836,0.853210,0.747625,0.795713,0.300796,0.603436,0.723545
30Y-1Y,0.027493,0.048734,0.097683,0.230339,0.315605,0.441735,0.522667,0.602650,0.676879,0.713154,0.047298,0.811640,0.739498,0.784885,0.872420,0.925732,0.972796,1.000000,1.000000,0.829293,0.790788,0.825752,0.897079,0.942491,0.983327,1.000000,1.000000,0.194717,0.433839,0.718852,0.855234,0.962754,1.000000,1.000000,0.686533,0.860477,0.931843,0.987741,0.982215,0.982820,0.904185,0.946472,0.982734,0.941541,0.947955,0.888796,0.950513,0.846297,0.881366,0.891920,0.754913,0.824803,0.276363,0.616603,0.796277
3Y-2Y,0.065256,0.124422,0.239094,0.411981,0.576771,0.633591,0.644979,0.639562,0.608997,0.583058,0.086409,0.512408,0.613363,0.741037,0.813050,0.800367,0.753950,0.649798,0.657144,0.492583,0.636394,0.764662,0.823160,0.802538,0.750996,0.641525,0.647173,0.505391,0.792517,0.925437,0.905870,0.830076,0.684839,0.686533,1.000000,0.941145,0.856443,0.762045,0.570442,0.586907,0.849525,0.752581,0.674244,0.452361,0.491517,0.571028,0.563623,0.272179,0.360272,0.512126,0.132905,0.276609,-0.346952,0.013350,0.601426
5Y-2Y,0.058341,0.091788,0.174815,0.323692,0.452964,0.593967,0.640624,0.667569,0.667500,0.657270,0.018553,0.632908,0.655093,0.766108,0.876719,0.895788,0.882527,0.822288,0.833047,0.644543,0.704106,0.810051,0.903506,0.912328,0.890750,0.823961,0.831244,0.365733,0.665732,0.906891,0.952506,0.938471,0.854516,0.860477,0.941145,1.000000,0.971084,0.915989,0.775996,0.788414,0.979793,0.915507,0.857677,0.682186,0.712613,0.747204,0.751706,0.506932,0.585398,0.684965,0.369350,0.501865,-0.143079,0.246715,0.735711
7Y-2Y,0.036913,0.060543,0.129645,0.250975,0.370302,0.518364,0.599533,0.645520,0.671383,0.671031,-0.004521,0.704767,0.673006,0.763217,0.872903,0.920838,0.919795,0.900385,0.907143,0.725466,0.730863,0.813315,0.904531,0.942475,0.932734,0.907051,0.910008,0.268617,0.560510,0.836041,0.941808,0.957456,0.931058,0.931843,0.856443,0.971084,1.000000,0.967075,0.881260,0.884392,0.978970,0.984433,0.933297,0.811148,0.828007,0.890097,0.859151,0.668308,0.725713,0.761681,0.524300,0.632699,0.031871,0.401790,0.763553
10Y-2Y,-0.005872,0.012655,0.074416,0.172862,0.278074,0.417685,0.500011,0.575698,0.616524,0.630578,0.002264,0.780614,0.717617,0.782888,0.876753,0.921722,0.957012,0.955609,0.968317,0.802138,0.779343,0.834639,0.909432,0.945567,0.975066,0.968299,0.978287,0.219276,0.485834,0.769223,0.887889,0.976646,0.974825,0.987741,0.762045,0.915989,0.967075,1.000000,0.947441,0.961457,0.950329,0.972400,1.000000,0.900750,0.925452,0.898735,0.975943,0.790425,0.851143,0.931255,0.679954,0.785131,0.113514,0.512363,0.859829
20Y-2Y,-0.026813,-0.041761,-0.030715,0.016982,0.111678,0.253398,0.349038,0.441247,0.540501,0.571377,-0.053915,0.760488,0.603247,0.643391,0.741366,0.814189,0.871946,0.954442,0.961502,0.804646,0.672173,0.699960,0.779528,0.843576,0.893846,0.971463,0.974608,-0.024864,0.229938,0.555226,0.730628,0.861321,0.978869,0.982215,0.570442,0.775996,0.881260,0.947441,1.000000,1.000000,0.848134,0.925750,0.966128,0.994275,0.991625,0.918998,0.963556,0.940421,0.959585,0.899829,0.868697,0.915494,0.450671,0.760332,0.801857
30Y-2Y,-0.053071,-0.073049,-0.071412,-0.029668,0.059466,0.194206,0.286085,0.377679,0.474552,0.523736,-0.078126,0.752104,0.596618,0.639065,0.735708,0.801767,0.860965,0.929793,0.948447,0.797465,0.671436,0.701226,0.778051,0.835155,0.887658,0.952624,0.968430,-0.020722,0.240038,0.564150,0.729881,0.864958,0.963639,0.982820,0.586907,0.788414,0.884392,0.961457,1.000000,1.000000,0.863326,0.930323,0.986959,0.991581,1.000000,0.917657,0.995539,0.937519,0.980955,0.952546,0.866123,0.942196,0.393687,0.755266,0.893058
5Y-3Y,0.027973,0.039702,0.094907,0.219025,0.308166,0.480560,0.540177,0.582992,0.603496,0.600990,-0.031536,0.669270,0.641443,0.729747,0.849718,0.882828,0.885171,0.851902,0.865353,0.695047,0.703757,0.783614,0.884907,0.907298,0.901062,0.862158,0.872170,0.257504,0.548696,0.838045,0.918160,0.937568,0.893710,0.904185,0.849525,0.979793,0.978970,0.950329,0.848134,0.863326,1.000000,0.961934,0.922079,0.782103,0.813273,0.822030,0.839532,0.629393,0.706631,0.777675,0.501946,0.631815,-0.026393,0.383178,0.824059
7Y-3Y,0.001906,0.006927,0.049706,0.143634,0.232658,0.395792,0.491261,0.550157,0.596944,0.604540,-0.043353,0.721486,0.646461,0.714054,0.824058,0.885954,0.896086,0.903950,0.911791,0.750161,0.713124,0.770541,0.861210,0.913371,0.915297,0.918187,0.922640,0.170147,0.445437,0.748433,0.887642,0.929829,0.943128,0.946472,0.752581,0.915507,0.984433,0.972400,0.925750,0.930323,0.961934,1.000000,0.967580,0.883502,0.899273,0.952781,0.923545,0.770289,0.822230,0.826410,0.634699,0.734981,0.144661,0.515576,0.814112
10Y-3Y,-0.050737,-0.049507,-0.011986,0.063935,0.144264,0.287778,0.376208,0.460617,0.515346,0.536002,-0.026043,0.784756,0.693284,0.738042,0.825469,0.875376,0.919104,0.933493,0.948348,0.808216,0.760638,0.793721,0.861506,0.903327,0.943035,0.953957,0.967351,0.149205,0.397927,0.692331,0.829306,0.941686,0.964648,0.982734,0.674244,0.857677,0.933297,1.000000,0.966128,0.986959,0.922079,0.967580,1.000000,0.945781,0.976135,0.930809,1.000000,0.865485,0.928625,1.000000,0.767540,0.873128,0.181416,0.594133,0.921352
20Y-3Y,-0.068758,-0.101158,-0.118101,-0.097390,-0.027631,0.112547,0.211131,0.308000,0.419944,0.456669,-0.083266,0.736068,0.548137,0.566544,0.655696,0.733150,0.798033,0.900208,0.907527,0.782940,0.620335,0.625070,0.695977,0.765581,0.824610,0.923835,0.928424,-0.114996,0.115000,0.443851,0.635629,0.786752,0.935487,0.941541,0.452361,0.682186,0.811148,0.900750,0.994275,0.991581,0.782103,0.883502,0.945781,1.000000,1.000000,0.917143,0.976885,0.990738,1.000000,0.927002,0.937215,0.976045,0.533196,0.835104,0.822111
30Y-3Y,-0.094365,-0.131017,-0.154670,-0.138049,-0.072796,0.058605,0.151744,0.245533,0.351240,0.404155,-0.106664,0.736026,0.552533,0.575434,0.663345,0.731901,0.795440,0.878507,0.897273,0.782997,0.630869,0.639834,0.707772,0.768160,0.826750,0.908002,0.925248,-0.099073,0.143120,0.471754,0.650797,0.802506,0.925858,0.947955,0.491517,0.712613,0.828007,0.925452,0.991625,1.000000,0.813273,0.899273,0.976135,1.000000,1.000000,0.922612,1.000000,0.986782,1.000000,0.990585,0.931211,1.000000,0.457032,0.824616,0.934100
7Y-5Y,-0.066544,-0.069093,-0.051433,-0.002687,0.071615,0.194494,0.315735,0.380804,0.449582,0.464776,-0.063428,0.713242,0.588226,0.621002,0.698851,0.782930,0.794022,0.843046,0.843815,0.737588,0.654119,0.675655,0.734545,0.811266,0.816774,0.863701,0.862787,0.044518,0.278306,0.564857,0.756709,0.816398,0.892002,0.888796,0.571028,0.747204,0.890097,0.898735,0.918998,0.917657,0.822030,0.952781,0.930809,0.917143,0.922612,1.000000,0.954599,0.873614,0.902029,0.837313,0.743314,0.813593,0.312118,0.634244,0.785755
10Y-5Y,-0.123184,-0.132466,-0.116106,-0.074625,-0.010041,0.097532,0.188877,0.280979,0.347747,0.375139,-0.035978,0.797827,0.676638,0.694226,0.750882,0.800369,0.852243,0.881234,0.896936,0.811596,0.743506,0.748654,0.785285,0.828771,0.880731,0.909542,0.926417,0.082911,0.303489,0.581089,0.734440,0.877648,0.926461,0.950513,0.563623,0.751706,0.859151,0.975943,0.963556,0.995539,0.839532,0.923545,1.000000,0.976885,1.000000,0.954599,1.000000,0.950466,1.000000,1.000000,0.872423,0.979912,0.246138,0.679386,0.999097
20Y-5Y,-0.120335,-0.168370,-0.216394,-0.240819,-0.190760,-0.086168,0.011783,0.111862,0.240099,0.282389,-0.101800,0.689331,0.459310,0.447726,0.509494,0.590562,0.664080,0.797472,0.801120,0.733470,0.527971,0.502288,0.547146,0.622413,0.692869,0.826017,0.828605,-0.241376,-0.052045,0.256224,0.466038,0.643315,0.841425,0.846297,0.272179,0.506932,0.668308,0.790425,0.940421,0.937519,0.629393,0.770289,0.865485,0.990738,0.986782,0.873614,0.950466,1.000000,1.000000,0.920384,1.000000,1.000000,0.659793,0.923635,0.796646
30Y-5Y,-0.137228,-0.187497,-0.239511,-0.263620,-0.216295,-0.117279,-0.026772,0.067902,0.184527,0.243414,-0.127435,0.714857,0.491689,0.490478,0.555463,0.625148,0.694639,0.799632,0.816714,0.758728,0.568842,0.553105,0.598464,0.661356,0.728249,0.833954,0.851120,-0.204676,0.011888,0.329413,0.523190,0.697138,0.857836,0.881366,0.360272,0.585398,0.725713,0.851143,0.959585,0.980955,0.706631,0.822230,0.928625,1.000000,1.000000,0.902029,1.000000,1.000000,1.000000,1.000000,1.000000,1.000000,0.550634,0.910016,0.956632
10Y-7Y,-0.151875,-0.166040,-0.159860,-0.134693,-0.089559,-0.008623,0.047352,0.146818,0.204349,0.232871,-0.021348,0.786336,0.670698,0.673753,0.706858,0.726947,0.793761,0.805138,0.828279,0.784956,0.731429,0.722540,0.736412,0.751728,0.822601,0.835920,0.862297,0.091064,0.287116,0.534246,0.649816,0.825614,0.853210,0.891920,0.512126,0.684965,0.761681,0.931255,0.899829,0.952546,0.777675,0.826410,1.000000,0.927002,0.990585,0.837313,1.000000,0.920384,1.000000,1.000000,0.882563,1.000000,0.174654,0.657018,1.000000
20Y-7Y,-0.127771,-0.190244,-0.264892,-0.319266,-0.285928,-0.200362,-0.123318,-0.018573,0.120818,0.168178,-0.109331,0.627647,0.372061,0.342562,0.390919,0.462516,0.552660,0.707045,0.710982,0.672584,0.435508,0.392011,0.425545,0.492316,0.580706,0.735863,0.739145,-0.337584,-0.180113,0.111554,0.310682,0.517835,0.747625,0.754913,0.132905,0.369350,0.524300,0.679954,0.868697,0.866123,0.501946,0.634699,0.767540,0.937215,0.931211,0.743314,0.872423,1.000000,1.000000,0.882563,1.000000,1.000000,0.738899,0.964893,0.747885
30Y-7Y,-0.145237,-0.206936,-0.280653,-0.327053,-0.294473,-0.213215,-0.141655,-0.044728,0.077627,0.142766,-0.140078,0.682054,0.438175,0.424808,0.479687,0.539190,0.620809,0.736256,0.755988,0.727174,0.513841,0.485687,0.521714,0.574807,0.654875,0.772043,0.792369,-0.274426,-0.073616,0.236586,0.419730,0.617322,0.795713,0.824803,0.276609,0.501865,0.632699,0.785131,0.915494,0.942196,0.631815,0.734981,0.873128,0.976045,1.000000,0.813593,0.979912,1.000000,1.000000,1.000000,1.000000,1.000000,0.590953,0.947787,0.966384
20Y-10Y,-0.075478,-0.168044,-0.293718,-0.414670,-0.404272,-0.339196,-0.262011,-0.175970,0.003571,0.060624,-0.161167,0.144838,-0.142617,-0.191612,-0.143468,-0.042609,0.042621,0.286479,0.274122,0.219588,-0.103219,-0.161384,-0.115944,-0.017088,0.061290,0.304206,0.287025,-0.637079,-0.600390,-0.398503,-0.197524,-0.042396,0.300796,0.276363,-0.346952,-0.143079,0.031871,0.113514,0.450671,0.393687,-0.026393,0.144661,0.181416,0.533196,0.457032,0.312118,0.246138,0.659793,0.550634,0.174654,0.738899,0.590953,1.000000,0.855726,0.037946
30Y-10Y,-0.113908,-0.203061,-0.327314,-0.423313,-0.405740,-0.333265,-0.256487,-0.168699,-0.014467,0.070275,-0.216179,0.455416,0.147183,0.123045,0.190629,0.277242,0.362791,0.550046,0.562316,0.536334,0.222164,0.183536,0.236766,0.316737,0.395593,0.583287,0.593008,-0.541769,-0.377200,-0.068922,0.141239,0.325097,0.603436,0.616603,0.013350,0.246715,0.401790,0.512363,0.760332,0.755266,0.383178,0.515576,0.594133,0.835104,0.824616,0.634244,0.679386,0.923635,0.910016,0.657018,0.964893,0.947787,0.855726,1.000000,0.656685
30Y-20Y,-0.138625,-0.170986,-0.218206,-0.220052,-0.204593,-0.165269,-0.132849,-0.090608,-0.054290,0.026107,-0.181328,0.672351,0.521943,0.552984,0.608851,0.617760,0.652023,0.631973,0.681988,0.708182,0.610206,0.627544,0.658412,0.657712,0.690655,0.674078,0.727169,-0.038643,0.231973,0.517892,0.610280,0.728029,0.723545,0.796277,0.601426,0.735711,0.763553,0.859829,0.801857,0.893058,0.824059,0.814112,0.921352,0.822111,0.934100,0.785755,0.999097,0.796646,0.956632,1.000000,0.747885,0.966384,0.037946,0.656685,1.000000
