,3M-1M,6M-1M,1Y-1M,2Y-1M,3Y-1M,5Y-1M,7Y-1M,10Y-1M,20Y-1M,30Y-1M,6M-3M,1Y-3M,2Y-3M,3Y-3M,5Y-3M,7Y-3M,10Y-3M,20Y-3M,30Y-3M,1Y-6M,2Y-6M,3Y-6M,5Y-6M,7Y-6M,10Y-6M,20Y-6M,30Y-6M,2Y-1Y,3Y-1Y,5Y-1Y,7Y-1Y,10Y-1Y,20Y-1Y,30Y-1Y,3Y-2Y,5Y-2Y,7Y-2Y,10Y-2Y,20Y-2Y,30Y-2Y,5Y-3Y,7Y-3Y,10Y-3Y,20Y-3Y,30Y-3Y,7Y-5Y,10Y-5Y,20Y-5Y,30Y-5Y,10Y-7Y,20Y-7Y,30Y-7Y,20Y-10Y,30Y-10Y,30Y-20Y
3M-1M,1.000000,0.791191,0.289006,0.187759,0.144846,0.182118,0.196194,0.279424,0.271897,0.270130,-0.158078,-0.112802,0.007478,-0.003957,0.021361,0.010524,0.062872,0.030855,0.067334,-0.084002,0.029513,0.013167,0.040443,0.031578,0.084450,0.054747,0.083242,0.091827,0.052225,0.085404,0.072045,0.115447,0.080211,0.092235,-0.044355,0.037413,0.004124,0.044853,0.013120,0.033493,0.079088,0.022212,0.052961,0.021545,0.038097,-0.040119,0.036025,-0.001428,0.024679,0.096949,0.018125,0.044751,-0.095134,0.011179,0.087062
6M-1M,0.791191,1.000000,0.674453,0.470647,0.393089,0.316878,0.222617,0.116066,0.025334,-0.115817,0.478809,0.373445,0.333833,0.278324,0.192587,0.077049,-0.059408,-0.172712,-0.288215,0.294068,0.290364,0.238456,0.141603,0.013907,-0.129954,-0.239926,-0.329430,0.266933,0.200151,0.057316,-0.109171,-0.244899,-0.322372,-0.353369,0.022314,-0.267760,-0.392876,-0.395777,-0.400936,-0.385052,-0.340936,-0.392111,-0.369698,-0.367026,-0.356140,-0.412134,-0.354797,-0.343572,-0.335265,-0.293168,-0.295115,-0.301911,-0.263523,-0.302498,-0.300179
1Y-1M,0.289006,0.674453,1.000000,0.909513,0.862214,0.721027,0.533618,0.196975,-0.047952,-0.442100,0.674085,0.918616,0.872872,0.827946,0.685780,0.489384,0.138972,-0.122505,-0.519567,0.904007,0.837977,0.791463,0.624987,0.402685,0.030840,-0.224978,-0.568182,0.738921,0.693912,0.414842,0.078077,-0.339231,-0.549505,-0.729963,0.499405,-0.236059,-0.604307,-0.788589,-0.838865,-0.873215,-0.666447,-0.793890,-0.856959,-0.866863,-0.882970,-0.859732,-0.883019,-0.862207,-0.878146,-0.865688,-0.828548,-0.861047,-0.679771,-0.844111,-0.877902
2Y-1M,0.187759,0.470647,0.909513,1.000000,0.988018,0.922900,0.784165,0.474048,0.191454,-0.248586,0.490365,0.866490,0.983592,0.970312,0.907625,0.764074,0.450009,0.151623,-0.297514,0.904880,0.980967,0.960350,0.874228,0.703356,0.357532,0.061422,-0.339530,0.952137,0.920860,0.728069,0.423277,-0.025581,-0.303159,-0.546937,0.727115,0.077426,-0.368645,-0.643119,-0.760899,-0.819615,-0.460881,-0.657574,-0.783474,-0.846207,-0.872132,-0.808869,-0.879927,-0.911008,-0.919170,-0.901877,-0.925591,-0.930376,-0.851334,-0.933164,-0.898192
3Y-1M,0.144846,0.393089,0.862214,0.988018,1.000000,0.956129,0.837217,0.543996,0.259864,-0.185219,0.426745,0.835111,0.979275,0.988873,0.948441,0.826309,0.532480,0.233472,-0.222727,0.888559,0.985040,0.986710,0.923578,0.774399,0.446424,0.148371,-0.262284,0.967497,0.963043,0.796866,0.511876,0.066519,-0.221844,-0.480059,0.824359,0.191173,-0.270682,-0.569641,-0.705039,-0.774076,-0.397442,-0.601969,-0.741654,-0.817005,-0.846775,-0.766447,-0.851963,-0.896947,-0.905577,-0.886916,-0.926390,-0.926358,-0.874263,-0.936096,-0.886343
5Y-1M,0.182118,0.316878,0.721027,0.922900,0.956129,1.000000,0.958087,0.758206,0.511067,0.087218,0.250192,0.673188,0.906134,0.938931,0.986943,0.942502,0.746654,0.485010,0.051664,0.749916,0.931189,0.953842,0.983780,0.914709,0.678998,0.412476,0.013404,0.965766,0.975754,0.929584,0.732145,0.346633,0.060196,-0.216964,0.868050,0.455340,0.010875,-0.314617,-0.481178,-0.569137,-0.111190,-0.345439,-0.518794,-0.624350,-0.666550,-0.563922,-0.677590,-0.755826,-0.765761,-0.742809,-0.821923,-0.810251,-0.837847,-0.839498,-0.755906
7Y-1M,0.196194,0.222617,0.533618,0.784165,0.837217,0.958087,1.000000,0.907935,0.726436,0.355298,0.077794,0.472865,0.762305,0.816637,0.942021,0.982576,0.899083,0.705163,0.326471,0.561887,0.801469,0.844908,0.957862,0.977907,0.851638,0.646556,0.288910,0.878695,0.906372,0.974243,0.884807,0.589293,0.335807,0.060980,0.847956,0.667607,0.287769,-0.037978,-0.215675,-0.317262,0.160920,-0.067292,-0.259195,-0.380140,-0.432665,-0.303706,-0.444459,-0.543768,-0.558237,-0.541492,-0.642716,-0.625008,-0.710669,-0.667383,-0.568623
10Y-1M,0.279424,0.116066,0.196975,0.474048,0.543996,0.758206,0.907935,1.000000,0.935968,0.708015,-0.213721,0.089105,0.431295,0.507779,0.725153,0.872915,0.975836,0.901857,0.674281,0.187785,0.488582,0.554044,0.769396,0.906329,0.969735,0.878218,0.647565,0.623563,0.668559,0.890856,0.961756,0.855454,0.682555,0.462079,0.681089,0.867123,0.628463,0.369387,0.198065,0.099942,0.529546,0.333245,0.159389,0.030046,-0.022839,0.095663,-0.034235,-0.155262,-0.166212,-0.139292,-0.275411,-0.245594,-0.435308,-0.308482,-0.185456
20Y-1M,0.271897,0.025334,-0.047952,0.191454,0.259864,0.511067,0.726436,0.935968,1.000000,0.890356,-0.349409,-0.161999,0.144974,0.221753,0.475101,0.689256,0.910993,0.970258,0.864833,-0.076745,0.202065,0.269985,0.528614,0.739631,0.928118,0.964401,0.840795,0.345599,0.394898,0.696619,0.882748,0.923392,0.860879,0.697299,0.453709,0.880631,0.792711,0.611947,0.491190,0.397860,0.719302,0.586609,0.442492,0.344510,0.287973,0.394392,0.272357,0.176525,0.154669,0.161101,0.059601,0.073971,-0.090459,0.017944,0.094658
30Y-1M,0.270130,-0.115817,-0.442100,-0.248586,-0.185219,0.087218,0.355298,0.708015,0.890356,1.000000,-0.574773,-0.570358,-0.302696,-0.227805,0.044431,0.311118,0.674455,0.856820,0.978828,-0.505254,-0.244114,-0.175157,0.112934,0.389242,0.735258,0.895264,0.975980,-0.077846,-0.028211,0.349718,0.662406,0.912871,0.969944,0.935781,0.087864,0.800636,0.915871,0.878114,0.809226,0.758675,0.901546,0.856716,0.783917,0.711738,0.679586,0.734149,0.664917,0.578369,0.573887,0.580749,0.476460,0.507621,0.273963,0.453346,0.537500
6M-3M,-0.158078,0.478809,0.674085,0.490365,0.426745,0.250192,0.077794,-0.213721,-0.349409,-0.574773,1.000000,0.764887,0.528265,0.455057,0.280284,0.109294,-0.186173,-0.323150,-0.562005,0.595383,0.426449,0.366105,0.170572,-0.022877,-0.331050,-0.465970,-0.651386,0.299166,0.248189,-0.030058,-0.279688,-0.561136,-0.635640,-0.702948,0.099700,-0.486027,-0.640248,-0.703401,-0.666178,-0.669778,-0.664001,-0.664981,-0.672933,-0.623522,-0.629706,-0.607832,-0.624562,-0.552674,-0.576740,-0.612515,-0.502506,-0.551701,-0.288913,-0.504455,-0.609641
1Y-3M,-0.112802,0.373445,0.918616,0.866490,0.835111,0.673188,0.472865,0.089105,-0.161999,-0.570358,0.764887,1.000000,0.902874,0.860965,0.702960,0.503592,0.118288,-0.139885,-0.567056,0.972949,0.857561,0.816030,0.631985,0.404916,-0.002849,-0.256104,-0.624080,0.729029,0.698660,0.395316,0.051299,-0.399742,-0.603443,-0.795705,0.536644,-0.260450,-0.628917,-0.836996,-0.876080,-0.920141,-0.724355,-0.833153,-0.911305,-0.908617,-0.932166,-0.875762,-0.931362,-0.894302,-0.921621,-0.938521,-0.867437,-0.912159,-0.666272,-0.880724,-0.947117
2Y-3M,0.007478,0.333833,0.872872,0.983592,0.979275,0.906134,0.762305,0.431295,0.144974,-0.302696,0.528265,0.902874,1.000000,0.988580,0.920110,0.775954,0.446596,0.148697,-0.315260,0.936668,0.993280,0.975293,0.882604,0.710271,0.348485,0.052477,-0.360958,0.952484,0.927915,0.725545,0.417697,-0.047248,-0.323373,-0.573766,0.748408,0.071954,-0.376067,-0.662985,-0.777065,-0.840585,-0.483740,-0.673542,-0.807366,-0.865463,-0.894896,-0.816123,-0.902451,-0.927215,-0.940320,-0.935988,-0.945653,-0.955416,-0.849251,-0.952088,-0.930421
3Y-3M,-0.003957,0.278324,0.827946,0.970312,0.988873,0.938931,0.816637,0.507779,0.221753,-0.227805,0.455057,0.860965,0.988580,1.000000,0.955331,0.833527,0.528698,0.231320,-0.235222,0.910651,0.991094,0.995239,0.927334,0.777899,0.438482,0.141720,-0.277592,0.963995,0.965448,0.792513,0.506496,0.049870,-0.236266,-0.499039,0.839807,0.187584,-0.274184,-0.582451,-0.714521,-0.787356,-0.413565,-0.611719,-0.757515,-0.828946,-0.861521,-0.768578,-0.866453,-0.906285,-0.918932,-0.910938,-0.938981,-0.942952,-0.869271,-0.947747,-0.908872
5Y-3M,0.021361,0.192587,0.685780,0.907625,0.948441,0.986943,0.942021,0.725153,0.475101,0.044431,0.280284,0.702960,0.920110,0.955331,1.000000,0.956590,0.748880,0.488092,0.041501,0.776257,0.941975,0.967687,0.993658,0.924881,0.676554,0.410427,-0.000007,0.966925,0.983567,0.931188,0.732626,0.333537,0.048066,-0.235713,0.889878,0.456850,0.010382,-0.327242,-0.491400,-0.584171,-0.126011,-0.354873,-0.536173,-0.638353,-0.683972,-0.566810,-0.694858,-0.768272,-0.782649,-0.771151,-0.838680,-0.831175,-0.836319,-0.855413,-0.782848
7Y-3M,0.010524,0.077049,0.489384,0.764074,0.826309,0.942502,0.982576,0.872915,0.689256,0.311118,0.109294,0.503592,0.775954,0.833527,0.956590,1.000000,0.904934,0.713251,0.320160,0.588915,0.811715,0.859111,0.969127,0.991249,0.852462,0.648957,0.278842,0.878656,0.914386,0.977310,0.888638,0.579057,0.327240,0.044702,0.873122,0.673710,0.292675,-0.047230,-0.222424,-0.329881,0.149110,-0.072832,-0.274356,-0.391737,-0.448437,-0.302104,-0.460071,-0.554245,-0.573947,-0.570571,-0.658853,-0.645842,-0.706682,-0.682692,-0.596363
10Y-3M,0.062872,-0.059408,0.138972,0.450009,0.532480,0.746654,0.899083,0.975836,0.910993,0.674455,-0.186173,0.118288,0.446596,0.528698,0.748880,0.904934,1.000000,0.930390,0.685541,0.214304,0.501128,0.572890,0.790525,0.934874,0.988748,0.900383,0.654152,0.627249,0.683031,0.906542,0.983278,0.862907,0.691211,0.459306,0.718034,0.892795,0.652301,0.373742,0.202888,0.096260,0.532425,0.341328,0.153621,0.026327,-0.032409,0.108564,-0.043783,-0.161058,-0.178381,-0.166846,-0.290394,-0.265460,-0.430821,-0.323188,-0.212580
20Y-3M,0.030855,-0.172712,-0.122505,0.151623,0.233472,0.485010,0.705163,0.901857,0.970258,0.856820,-0.323150,-0.139885,0.148697,0.231320,0.488092,0.713251,0.930390,1.000000,0.881324,-0.058581,0.202451,0.277108,0.538874,0.760277,0.942750,0.987907,0.852355,0.335859,0.397024,0.702063,0.898746,0.930043,0.873978,0.701050,0.482404,0.905260,0.822314,0.624318,0.506876,0.404814,0.727211,0.603696,0.446273,0.352407,0.289521,0.419728,0.273822,0.183708,0.154440,0.142940,0.057345,0.065573,-0.070025,0.015826,0.076416
30Y-3M,0.067334,-0.288215,-0.519567,-0.297514,-0.222727,0.051664,0.326471,0.674281,0.864833,0.978828,-0.562005,-0.567056,-0.315260,-0.235222,0.041501,0.320160,0.685541,0.881324,1.000000,-0.505714,-0.259238,-0.184307,0.108431,0.396641,0.743961,0.916082,0.993667,-0.100189,-0.040336,0.344241,0.671105,0.921424,0.988057,0.950098,0.100478,0.821708,0.948198,0.900415,0.835775,0.779060,0.917418,0.883053,0.801079,0.732961,0.696125,0.769294,0.681365,0.599641,0.589446,0.581193,0.489880,0.516511,0.304119,0.467405,0.538478
1Y-6M,-0.084002,0.294068,0.904007,0.904880,0.888559,0.749916,0.561887,0.187785,-0.076745,-0.505254,0.595383,0.972949,0.936668,0.910651,0.776257,0.588915,0.214304,-0.058581,-0.505714,1.000000,0.916665,0.886507,0.727079,0.513241,0.115172,-0.152317,-0.544783,0.802000,0.782404,0.503843,0.164288,-0.297342,-0.524691,-0.740354,0.633581,-0.150544,-0.554811,-0.791691,-0.853789,-0.907454,-0.665329,-0.800677,-0.895301,-0.909668,-0.936823,-0.874317,-0.937665,-0.917222,-0.942666,-0.950915,-0.901707,-0.939844,-0.727402,-0.917580,-0.962667
2Y-6M,0.029513,0.290364,0.837977,0.980967,0.985040,0.931189,0.801469,0.488582,0.202065,-0.244114,0.426449,0.857561,0.993280,0.991094,0.941975,0.811715,0.501128,0.202451,-0.259238,0.916665,1.000000,0.989063,0.916975,0.759760,0.416359,0.119416,-0.295737,0.973890,0.954665,0.777009,0.483088,0.026152,-0.257844,-0.515410,0.783678,0.142898,-0.313350,-0.610391,-0.736993,-0.804169,-0.424815,-0.626874,-0.768352,-0.836976,-0.867488,-0.786553,-0.876238,-0.912417,-0.923097,-0.913606,-0.938897,-0.942591,-0.865315,-0.945486,-0.908067
3Y-6M,0.013167,0.238456,0.791463,0.960350,0.986710,0.953842,0.844908,0.554044,0.269985,-0.175157,0.366105,0.816030,0.975293,0.995239,0.967687,0.859111,0.572890,0.277108,-0.184307,0.886507,0.989063,1.000000,0.950436,0.815443,0.494467,0.199105,-0.218803,0.974675,0.981772,0.831502,0.559923,0.113533,-0.177338,-0.444581,0.866724,0.249229,-0.216460,-0.531700,-0.673794,-0.749515,-0.359520,-0.566492,-0.717985,-0.798042,-0.831408,-0.736672,-0.837124,-0.886619,-0.897202,-0.884932,-0.926278,-0.925044,-0.876806,-0.935225,-0.883087
5Y-6M,0.040443,0.141603,0.624987,0.874228,0.923578,0.983780,0.957862,0.769396,0.528614,0.112934,0.170572,0.631985,0.882604,0.927334,0.993658,0.969127,0.790525,0.538874,0.108431,0.727079,0.916975,0.950436,1.000000,0.952060,0.733254,0.475881,0.076294,0.957495,0.980550,0.959376,0.784794,0.408101,0.123796,-0.159616,0.901772,0.525884,0.085653,-0.253517,-0.426383,-0.521191,-0.051571,-0.286380,-0.471551,-0.582226,-0.628329,-0.510626,-0.640106,-0.723885,-0.735825,-0.719831,-0.802035,-0.788568,-0.824630,-0.818982,-0.732175
7Y-6M,0.031578,0.013907,0.402685,0.703356,0.774399,0.914709,0.977907,0.906329,0.739631,0.389242,-0.022877,0.404916,0.710271,0.777899,0.924881,0.991249,0.934874,0.760277,0.396641,0.513241,0.759760,0.815443,0.952060,1.000000,0.901339,0.714579,0.366954,0.843990,0.886696,0.986934,0.930902,0.656914,0.413540,0.138313,0.864914,0.742138,0.379388,0.045910,-0.135237,-0.242835,0.238150,0.015058,-0.186570,-0.311190,-0.367395,-0.223124,-0.379780,-0.484043,-0.500663,-0.492516,-0.595917,-0.576298,-0.672386,-0.619634,-0.518839
10Y-6M,0.084450,-0.129954,0.030840,0.357532,0.446424,0.678998,0.851638,0.969735,0.928118,0.735258,-0.331050,-0.002849,0.348485,0.438482,0.676554,0.852462,0.988748,0.942750,0.743961,0.115172,0.416359,0.494467,0.733254,0.901339,1.000000,0.935675,0.727423,0.556865,0.618199,0.875223,0.986926,0.914172,0.760617,0.548143,0.674424,0.931441,0.723950,0.466036,0.296280,0.194422,0.612437,0.429056,0.249991,0.120216,0.064747,0.196808,0.053040,-0.070536,-0.083510,-0.066984,-0.202389,-0.170953,-0.369775,-0.233588,-0.111345
20Y-6M,0.054747,-0.239926,-0.224978,0.061422,0.148371,0.412476,0.646556,0.878218,0.964401,0.895264,-0.465970,-0.256104,0.052477,0.141720,0.410427,0.648957,0.900383,0.987907,0.916082,-0.152317,0.119416,0.199105,0.475881,0.714579,0.935675,1.000000,0.903642,0.265001,0.330541,0.661327,0.886118,0.961491,0.921279,0.770625,0.434695,0.926014,0.873730,0.698958,0.583055,0.488220,0.788704,0.673382,0.527500,0.431643,0.373861,0.492016,0.358340,0.262308,0.238887,0.233996,0.135945,0.151698,-0.018136,0.097445,0.171328
30Y-6M,0.083242,-0.329430,-0.568182,-0.339530,-0.262284,0.013404,0.288910,0.647565,0.840795,0.975980,-0.651386,-0.624080,-0.360958,-0.277592,-0.000007,0.278842,0.654152,0.852355,0.993667,-0.544783,-0.295737,-0.218803,0.076294,0.366954,0.727423,0.903642,1.000000,-0.132547,-0.070717,0.319862,0.653613,0.921469,0.992714,0.967038,0.078627,0.819795,0.956777,0.921524,0.857172,0.805635,0.931769,0.900378,0.826262,0.757064,0.724113,0.788262,0.709875,0.625142,0.619059,0.616349,0.517641,0.548753,0.318223,0.497289,0.576775
2Y-1Y,0.091827,0.266933,0.738921,0.952137,0.967497,0.965766,0.878695,0.623563,0.345599,-0.077846,0.299166,0.729029,0.952484,0.963995,0.966925,0.878656,0.627249,0.335859,-0.100189,0.802000,0.973890,0.974675,0.957495,0.843990,0.556865,0.265001,-0.132547,1.000000,0.982398,0.875109,0.628699,0.207990,-0.087326,-0.349776,0.811380,0.299091,-0.153175,-0.462573,-0.616517,-0.686434,-0.256991,-0.482104,-0.639805,-0.734210,-0.764388,-0.678929,-0.776986,-0.842672,-0.844181,-0.825311,-0.891062,-0.874920,-0.880099,-0.891893,-0.810357
3Y-1Y,0.052225,0.200151,0.693912,0.920860,0.963043,0.975754,0.906372,0.668559,0.394898,-0.028211,0.248189,0.698660,0.927915,0.965448,0.983567,0.914386,0.683031,0.397024,-0.040336,0.782404,0.954665,0.981772,0.980550,0.886696,0.618199,0.330541,-0.070717,0.982398,1.000000,0.912169,0.686122,0.274939,-0.023162,-0.294263,0.906285,0.397275,-0.063445,-0.390430,-0.556168,-0.636040,-0.210595,-0.433566,-0.598595,-0.700442,-0.734195,-0.632364,-0.741543,-0.816555,-0.820348,-0.800445,-0.876307,-0.858980,-0.881317,-0.881829,-0.793136
5Y-1Y,0.085404,0.057316,0.414842,0.728069,0.796866,0.929584,0.974243,0.890856,0.696619,0.349718,-0.030058,0.395316,0.725545,0.792513,0.931188,0.977310,0.906542,0.702063,0.344241,0.503843,0.777009,0.831502,0.959376,0.986934,0.875223,0.661327,0.319862,0.875109,0.912169,1.000000,0.919885,0.635646,0.371371,0.103417,0.874211,0.723510,0.335758,0.006371,-0.185604,-0.282834,0.208525,-0.031283,-0.225374,-0.358716,-0.405563,-0.283159,-0.420033,-0.533842,-0.538407,-0.514896,-0.638542,-0.605927,-0.738600,-0.653342,-0.525597
7Y-1Y,0.072045,-0.109171,0.078077,0.423277,0.511876,0.732145,0.884807,0.961756,0.882748,0.662406,-0.279688,0.051299,0.417697,0.506496,0.732626,0.888638,0.983278,0.898746,0.671105,0.164288,0.483088,0.559923,0.784794,0.930902,0.986926,0.886118,0.653613,0.628699,0.686122,0.919885,1.000000,0.881564,0.698605,0.474062,0.724427,0.917038,0.672171,0.389709,0.207939,0.107112,0.556877,0.358074,0.166607,0.029492,-0.023550,0.115664,-0.037426,-0.165960,-0.174233,-0.161359,-0.301144,-0.262364,-0.463217,-0.321647,-0.186611
10Y-1Y,0.115447,-0.244899,-0.339231,-0.025581,0.066519,0.346633,0.589293,0.855454,0.923392,0.912871,-0.561136,-0.399742,-0.047248,0.049870,0.333537,0.579057,0.862907,0.930043,0.921424,-0.297342,0.026152,0.113533,0.408101,0.656914,0.914172,0.961491,0.921469,0.207990,0.274939,0.635646,0.881564,1.000000,0.945176,0.828952,0.389706,0.956699,0.922223,0.770982,0.633156,0.557151,0.860136,0.739104,0.605604,0.486730,0.444495,0.545923,0.433587,0.306468,0.304381,0.323630,0.173405,0.219182,-0.058605,0.149894,0.285788
20Y-1Y,0.080211,-0.322372,-0.549505,-0.303159,-0.221844,0.060196,0.335807,0.682555,0.860879,0.969944,-0.635640,-0.603443,-0.323373,-0.236266,0.048066,0.327240,0.691211,0.873978,0.988057,-0.524691,-0.257844,-0.177338,0.123796,0.413540,0.760617,0.921279,0.992714,-0.087326,-0.023162,0.371371,0.698605,0.945176,1.000000,0.955097,0.125112,0.856854,0.970896,0.913568,0.838172,0.777603,0.941148,0.895075,0.806654,0.729742,0.690657,0.767833,0.677620,0.586859,0.576697,0.575730,0.471912,0.500487,0.270607,0.444996,0.526376
30Y-1Y,0.092235,-0.353369,-0.729963,-0.546937,-0.480059,-0.216964,0.060980,0.462079,0.697299,0.935781,-0.702948,-0.795705,-0.573766,-0.499039,-0.235713,0.044702,0.459306,0.701050,0.950098,-0.740354,-0.515410,-0.444581,-0.159616,0.138313,0.548143,0.770625,0.967038,-0.349776,-0.294263,0.103417,0.474062,0.828952,0.955097,1.000000,-0.129356,0.702874,0.935435,0.979103,0.946374,0.921356,0.948946,0.964881,0.934201,0.883093,0.864924,0.897367,0.853766,0.779636,0.782486,0.782817,0.688750,0.725270,0.475966,0.677255,0.754663
3Y-2Y,-0.044355,0.022314,0.499405,0.727115,0.824359,0.868050,0.847956,0.681089,0.453709,0.087864,0.099700,0.536644,0.748408,0.839807,0.889878,0.873122,0.718034,0.482404,0.100478,0.633581,0.783678,0.866724,0.901772,0.864914,0.674424,0.434695,0.078627,0.811380,0.906285,0.874211,0.724427,0.389706,0.125112,-0.129356,1.000000,0.566383,0.148056,-0.175055,-0.345346,-0.437075,-0.077492,-0.265841,-0.425411,-0.530497,-0.567832,-0.442556,-0.562320,-0.648418,-0.656872,-0.637289,-0.725896,-0.708202,-0.766380,-0.741294,-0.648253
5Y-2Y,0.037413,-0.267760,-0.236059,0.077426,0.191173,0.455340,0.667607,0.867123,0.880631,0.800636,-0.486027,-0.260450,0.071954,0.187584,0.456850,0.673710,0.892795,0.905260,0.821708,-0.150544,0.142898,0.249229,0.525884,0.742138,0.931441,0.926014,0.819795,0.299091,0.397275,0.723510,0.917038,0.956699,0.856854,0.702874,0.566383,1.000000,0.880565,0.672418,0.513472,0.421486,0.777773,0.626032,0.468273,0.340010,0.290685,0.410140,0.280122,0.149409,0.142558,0.162002,0.011984,0.053270,-0.200952,-0.016013,0.119570
7Y-2Y,0.004124,-0.392876,-0.604307,-0.368645,-0.270682,0.010875,0.287769,0.628463,0.792711,0.915871,-0.640248,-0.628917,-0.376067,-0.274184,0.010382,0.292675,0.652301,0.822314,0.948198,-0.554811,-0.313350,-0.216460,0.085653,0.379388,0.723950,0.873730,0.956777,-0.153175,-0.063445,0.335758,0.672171,0.922223,0.970896,0.935435,0.148056,0.880565,1.000000,0.935638,0.851221,0.789664,0.952333,0.914033,0.820871,0.736515,0.697844,0.793385,0.692206,0.591410,0.582333,0.580728,0.465696,0.499607,0.249304,0.440433,0.534401
10Y-2Y,0.044853,-0.395777,-0.788589,-0.643119,-0.569641,-0.314617,-0.037978,0.369387,0.611947,0.878114,-0.703401,-0.836996,-0.662985,-0.582451,-0.327242,-0.047230,0.373742,0.624318,0.900415,-0.791691,-0.610391,-0.531700,-0.253517,0.045910,0.466036,0.698958,0.921524,-0.462573,-0.390430,0.006371,0.389709,0.770982,0.913568,0.979103,-0.175055,0.672418,0.935638,1.000000,0.975307,0.951938,0.946956,0.983823,0.965496,0.919215,0.900582,0.936875,0.898897,0.826444,0.825535,0.830696,0.737342,0.768324,0.519910,0.716573,0.786659
20Y-2Y,0.013120,-0.400936,-0.838865,-0.760899,-0.705039,-0.481178,-0.215675,0.198065,0.491190,0.809226,-0.666178,-0.876080,-0.777065,-0.714521,-0.491400,-0.222424,0.202888,0.506876,0.835775,-0.853789,-0.736993,-0.673794,-0.426383,-0.135237,0.296280,0.583055,0.857172,-0.616517,-0.556168,-0.185604,0.207939,0.633156,0.838172,0.946374,-0.345346,0.513472,0.851221,0.975307,1.000000,0.990408,0.884548,0.971383,0.987840,0.978738,0.964369,0.978578,0.960963,0.925192,0.917986,0.906891,0.860835,0.874582,0.695730,0.840017,0.859696
30Y-2Y,0.033493,-0.385052,-0.873215,-0.819615,-0.774076,-0.569137,-0.317262,0.099942,0.397860,0.758675,-0.669778,-0.920141,-0.840585,-0.787356,-0.584171,-0.329881,0.096260,0.404814,0.779060,-0.907454,-0.804169,-0.749515,-0.521191,-0.242835,0.194422,0.488220,0.805635,-0.686434,-0.636040,-0.282834,0.107112,0.557151,0.777603,0.921356,-0.437075,0.421486,0.789664,0.951938,0.990408,1.000000,0.843228,0.949003,0.990623,0.990123,0.988542,0.978265,0.985108,0.954821,0.957659,0.950087,0.904352,0.926002,0.734635,0.895774,0.922028
5Y-3Y,0.079088,-0.340936,-0.666447,-0.460881,-0.397442,-0.111190,0.160920,0.529546,0.719302,0.901546,-0.664001,-0.724355,-0.483740,-0.413565,-0.126011,0.149110,0.532425,0.727211,0.917418,-0.665329,-0.424815,-0.359520,-0.051571,0.238150,0.612437,0.788704,0.931769,-0.256991,-0.210595,0.208525,0.556877,0.860136,0.941148,0.948946,-0.077492,0.777773,0.952333,0.946956,0.884548,0.843228,1.000000,0.960080,0.890933,0.815913,0.784718,0.833683,0.767735,0.675271,0.673431,0.682018,0.568114,0.604564,0.341393,0.545988,0.639048
7Y-3Y,0.022212,-0.392111,-0.793890,-0.657574,-0.601969,-0.345439,-0.067292,0.333245,0.586609,0.856716,-0.664981,-0.833153,-0.673542,-0.611719,-0.354873,-0.072832,0.341328,0.603696,0.883053,-0.800677,-0.626874,-0.566492,-0.286380,0.015058,0.429056,0.673382,0.900378,-0.482104,-0.433566,-0.031283,0.358074,0.739104,0.895075,0.964881,-0.265841,0.626032,0.914033,0.983823,0.971383,0.949003,0.960080,1.000000,0.974639,0.935513,0.913132,0.954879,0.905376,0.842438,0.837058,0.827460,0.751676,0.777474,0.557350,0.733366,0.786800
10Y-3Y,0.052961,-0.369698,-0.856959,-0.783474,-0.741654,-0.518794,-0.259195,0.159389,0.442492,0.783917,-0.672933,-0.911305,-0.807366,-0.757515,-0.536173,-0.274356,0.153621,0.446273,0.801079,-0.895301,-0.768352,-0.717985,-0.471551,-0.186570,0.249991,0.527500,0.826262,-0.639805,-0.598595,-0.225374,0.166607,0.605604,0.806654,0.934201,-0.425411,0.468273,0.820871,0.965496,0.987840,0.990623,0.890933,0.974639,1.000000,0.985254,0.978002,0.978226,0.974995,0.931170,0.932570,0.932135,0.869761,0.893560,0.680606,0.854743,0.894556
20Y-3Y,0.021545,-0.367026,-0.866863,-0.846207,-0.817005,-0.624350,-0.380140,0.030046,0.344510,0.711738,-0.623522,-0.908617,-0.865463,-0.828946,-0.638353,-0.391737,0.026327,0.352407,0.732961,-0.909668,-0.836976,-0.798042,-0.582226,-0.311190,0.120216,0.431643,0.757064,-0.734210,-0.700442,-0.358716,0.029492,0.486730,0.729742,0.883093,-0.530497,0.340010,0.736515,0.919215,0.978738,0.990123,0.815913,0.935513,0.985254,1.000000,0.995181,0.980635,0.990899,0.977406,0.972746,0.958444,0.936210,0.944760,0.795925,0.920771,0.918210
30Y-3Y,0.038097,-0.356140,-0.882970,-0.872132,-0.846775,-0.666550,-0.432665,-0.022839,0.287973,0.679586,-0.629706,-0.932166,-0.894896,-0.861521,-0.683972,-0.448437,-0.032409,0.289521,0.696125,-0.936823,-0.867488,-0.831408,-0.628329,-0.367395,0.064747,0.373861,0.724113,-0.764388,-0.734195,-0.405563,-0.023550,0.444495,0.690657,0.864924,-0.567832,0.290685,0.697844,0.900582,0.964369,0.988542,0.784718,0.913132,0.978002,0.995181,1.000000,0.969570,0.995932,0.982663,0.986680,0.976463,0.949478,0.966322,0.800949,0.944212,0.952624
7Y-5Y,-0.040119,-0.412134,-0.859732,-0.808869,-0.766447,-0.563922,-0.303706,0.095663,0.394392,0.734149,-0.607832,-0.875762,-0.816123,-0.768578,-0.566810,-0.302104,0.108564,0.419728,0.769294,-0.874317,-0.786553,-0.736672,-0.510626,-0.223124,0.196808,0.492016,0.788262,-0.678929,-0.632364,-0.283159,0.115664,0.545923,0.767833,0.897367,-0.442556,0.410140,0.793385,0.936875,0.978578,0.978265,0.833683,0.954879,0.978226,0.980635,0.969570,1.000000,0.972288,0.946207,0.937539,0.909474,0.880794,0.893025,0.737869,0.868139,0.874824
10Y-5Y,0.036025,-0.354797,-0.883019,-0.879927,-0.851963,-0.677590,-0.444459,-0.034235,0.272357,0.664917,-0.624562,-0.931362,-0.902451,-0.866453,-0.694858,-0.460071,-0.043783,0.273822,0.681365,-0.937665,-0.876238,-0.837124,-0.640106,-0.379780,0.053040,0.358340,0.709875,-0.776986,-0.741543,-0.420033,-0.037426,0.433587,0.677620,0.853766,-0.562320,0.280122,0.692206,0.898897,0.960963,0.985108,0.767735,0.905376,0.974995,0.990899,0.995932,0.972288,1.000000,0.983410,0.986286,0.981470,0.949200,0.964943,0.793254,0.938838,0.949475
20Y-5Y,-0.001428,-0.343572,-0.862207,-0.911008,-0.896947,-0.755826,-0.543768,-0.155262,0.176525,0.578369,-0.552674,-0.894302,-0.927215,-0.906285,-0.768272,-0.554245,-0.161058,0.183708,0.599641,-0.917222,-0.912417,-0.886619,-0.723885,-0.484043,-0.070536,0.262308,0.625142,-0.842672,-0.816555,-0.533842,-0.165960,0.306468,0.586859,0.779636,-0.648418,0.149409,0.591410,0.826444,0.925192,0.954821,0.675271,0.842438,0.931170,0.977406,0.982663,0.946207,0.983410,1.000000,0.994727,0.973343,0.986620,0.984202,0.890545,0.975014,0.937727
30Y-5Y,0.024679,-0.335265,-0.878146,-0.919170,-0.905577,-0.765761,-0.558237,-0.166212,0.154669,0.573887,-0.576740,-0.921621,-0.940320,-0.918932,-0.782649,-0.573947,-0.178381,0.154440,0.589446,-0.942666,-0.923097,-0.897202,-0.735825,-0.500663,-0.083510,0.238887,0.619059,-0.844181,-0.820348,-0.538407,-0.174233,0.304381,0.576697,0.782486,-0.656872,0.142558,0.582333,0.825535,0.917986,0.957659,0.673431,0.837058,0.932570,0.972746,0.986680,0.937539,0.986286,0.994727,1.000000,0.985562,0.983271,0.993794,0.865633,0.982798,0.968408
10Y-7Y,0.096949,-0.293168,-0.865688,-0.901877,-0.886916,-0.742809,-0.541492,-0.139292,0.161101,0.580749,-0.612515,-0.938521,-0.935988,-0.910938,-0.771151,-0.570571,-0.166846,0.142940,0.581193,-0.950915,-0.913606,-0.884932,-0.719831,-0.492516,-0.066984,0.233996,0.616349,-0.825311,-0.800445,-0.514896,-0.161359,0.323630,0.575730,0.782817,-0.637289,0.162002,0.580728,0.830696,0.906891,0.950087,0.682018,0.827460,0.932135,0.958444,0.976463,0.909474,0.981470,0.973343,0.985562,1.000000,0.966119,0.984091,0.805932,0.958063,0.971501
20Y-7Y,0.018125,-0.295115,-0.828548,-0.925591,-0.926390,-0.821923,-0.642716,-0.275411,0.059601,0.476460,-0.502506,-0.867437,-0.945653,-0.938981,-0.838680,-0.658853,-0.290394,0.057345,0.489880,-0.901707,-0.938897,-0.926278,-0.802035,-0.595917,-0.202389,0.135945,0.517641,-0.891062,-0.876307,-0.638542,-0.301144,0.173405,0.471912,0.688750,-0.725896,0.011984,0.465696,0.737342,0.860835,0.904352,0.568114,0.751676,0.869761,0.936210,0.949478,0.880794,0.949200,0.986620,0.983271,0.966119,1.000000,0.990298,0.931421,0.989392,0.931458
30Y-7Y,0.044751,-0.301911,-0.861047,-0.930376,-0.926358,-0.810251,-0.625008,-0.245594,0.073971,0.507621,-0.551701,-0.912159,-0.955416,-0.942952,-0.831175,-0.645842,-0.265460,0.065573,0.516511,-0.939844,-0.942591,-0.925044,-0.788568,-0.576298,-0.170953,0.151698,0.548753,-0.874920,-0.858980,-0.605927,-0.262364,0.219182,0.500487,0.725270,-0.708202,0.053270,0.499607,0.768324,0.874582,0.926002,0.604564,0.777474,0.893560,0.944760,0.966322,0.893025,0.964943,0.984202,0.993794,0.984091,0.990298,1.000000,0.883825,0.993732,0.972981
20Y-10Y,-0.095134,-0.263523,-0.679771,-0.851334,-0.874263,-0.837847,-0.710669,-0.435308,-0.090459,0.273963,-0.288913,-0.666272,-0.849251,-0.869271,-0.836319,-0.706682,-0.430821,-0.070025,0.304119,-0.727402,-0.865315,-0.876806,-0.824630,-0.672386,-0.369775,-0.018136,0.318223,-0.880099,-0.881317,-0.738600,-0.463217,-0.058605,0.270607,0.475966,-0.766380,-0.200952,0.249304,0.519910,0.695730,0.734635,0.341393,0.557350,0.680606,0.795925,0.800949,0.737869,0.793254,0.890545,0.865633,0.805932,0.931421,0.883825,1.000000,0.918450,0.766615
30Y-10Y,0.011179,-0.302498,-0.844111,-0.933164,-0.936096,-0.839498,-0.667383,-0.308482,0.017944,0.453346,-0.504455,-0.880724,-0.952088,-0.947747,-0.855413,-0.682692,-0.323188,0.015826,0.467405,-0.917580,-0.945486,-0.935225,-0.818982,-0.619634,-0.233588,0.097445,0.497289,-0.891893,-0.881829,-0.653342,-0.321647,0.149894,0.444996,0.677255,-0.741294,-0.016013,0.440433,0.716573,0.840017,0.895774,0.545988,0.733366,0.854743,0.920771,0.944212,0.868139,0.938838,0.975014,0.982798,0.958063,0.989392,0.993732,0.918450,1.000000,0.958074
30Y-20Y,0.087062,-0.300179,-0.877902,-0.898192,-0.886343,-0.755906,-0.568623,-0.185456,0.094658,0.537500,-0.609641,-0.947117,-0.930421,-0.908872,-0.782848,-0.596363,-0.212580,0.076416,0.538478,-0.962667,-0.908067,-0.883087,-0.732175,-0.518839,-0.111345,0.171328,0.576775,-0.810357,-0.793136,-0.525597,-0.186611,0.285788,0.526376,0.754663,-0.648253,0.119570,0.534401,0.786659,0.859696,0.922028,0.639048,0.786800,0.894556,0.918210,0.952624,0.874824,0.949475,0.937727,0.968408,0.971501,0.931458,0.972981,0.766615,0.958074,1.000000
