,3M-1M,6M-1M,1Y-1M,2Y-1M,3Y-1M,5Y-1M,7Y-1M,10Y-1M,20Y-1M,30Y-1M,6M-3M,1Y-3M,2Y-3M,3Y-3M,5Y-3M,7Y-3M,10Y-3M,20Y-3M,30Y-3M,1Y-6M,2Y-6M,3Y-6M,5Y-6M,7Y-6M,10Y-6M,20Y-6M,30Y-6M,2Y-1Y,3Y-1Y,5Y-1Y,7Y-1Y,10Y-1Y,20Y-1Y,30Y-1Y,3Y-2Y,5Y-2Y,7Y-2Y,10Y-2Y,20Y-2Y,30Y-2Y,5Y-3Y,7Y-3Y,10Y-3Y,20Y-3Y,30Y-3Y,7Y-5Y,10Y-5Y,20Y-5Y,30Y-5Y,10Y-7Y,20Y-7Y,30Y-7Y,20Y-10Y,30Y-10Y,30Y-20Y
3M-1M,1.000000,0.450459,0.295749,0.247160,0.234876,0.232744,0.229162,0.182713,0.097032,0.025626,-0.042296,-0.024230,-0.014080,-0.028820,-0.049471,-0.067448,-0.125861,-0.255308,-0.324231,0.003063,0.009269,-0.010568,-0.037153,-0.060083,-0.133723,-0.265859,-0.315298,0.012404,-0.019573,-0.060531,-0.090168,-0.178105,-0.285688,-0.314379,-0.130633,-0.163685,-0.153438,-0.240700,-0.301632,-0.319219,-0.123006,-0.129000,-0.236845,-0.300685,-0.318939,-0.112484,-0.288252,-0.331969,-0.343418,-0.381161,-0.367187,-0.367856,-0.327043,-0.344577,-0.346862
6M-1M,0.450459,1.000000,0.900272,0.736544,0.708191,0.717051,0.706388,0.656498,0.517046,0.382035,0.872945,0.791819,0.638820,0.606485,0.606441,0.587856,0.522685,0.344814,0.204539,0.493679,0.286659,0.233757,0.199227,0.142997,0.035524,-0.248884,-0.373590,0.000657,-0.074436,-0.165588,-0.256581,-0.367706,-0.602077,-0.654417,-0.313738,-0.373029,-0.385727,-0.469146,-0.617140,-0.649534,-0.267692,-0.331038,-0.442179,-0.605895,-0.641253,-0.343796,-0.513458,-0.662721,-0.685606,-0.541610,-0.693428,-0.705947,-0.703630,-0.721013,-0.692566
1Y-1M,0.295749,0.900272,1.000000,0.909084,0.892228,0.888531,0.872041,0.829189,0.703161,0.573195,0.845875,0.947819,0.858504,0.837568,0.827180,0.804425,0.744931,0.579697,0.439346,0.823026,0.606495,0.561155,0.520981,0.458864,0.347511,0.044876,-0.106217,0.213978,0.148539,0.016659,-0.107461,-0.234588,-0.513262,-0.578786,-0.221185,-0.443272,-0.475549,-0.537169,-0.681360,-0.701329,-0.437555,-0.484333,-0.551712,-0.694023,-0.711302,-0.450227,-0.573432,-0.718094,-0.726936,-0.541409,-0.725560,-0.728054,-0.748446,-0.748992,-0.689302
2Y-1M,0.247160,0.736544,0.909084,1.000000,0.994112,0.983346,0.959940,0.927145,0.815150,0.696744,0.689200,0.868889,0.965398,0.955477,0.938570,0.909212,0.858845,0.705473,0.573191,0.855032,0.859140,0.822873,0.786721,0.720075,0.613874,0.308131,0.141742,0.601488,0.535784,0.397808,0.241914,0.088198,-0.254260,-0.351348,-0.127480,-0.458489,-0.521013,-0.557594,-0.697991,-0.706094,-0.532377,-0.583488,-0.606290,-0.730815,-0.731451,-0.536371,-0.596704,-0.733721,-0.727855,-0.498389,-0.715994,-0.708555,-0.755897,-0.737905,-0.647209
3Y-1M,0.234876,0.708191,0.892228,0.994112,1.000000,0.991923,0.975012,0.947818,0.846117,0.734359,0.664182,0.855349,0.962629,0.964852,0.950923,0.928375,0.883516,0.739849,0.613066,0.858355,0.872253,0.852005,0.821715,0.765100,0.664916,0.366816,0.200962,0.620004,0.579105,0.448857,0.304200,0.152410,-0.193926,-0.294544,-0.019261,-0.385537,-0.454818,-0.496420,-0.649665,-0.660755,-0.516943,-0.551701,-0.570778,-0.700126,-0.700576,-0.491551,-0.551531,-0.700741,-0.695452,-0.464695,-0.690689,-0.682008,-0.736943,-0.714985,-0.619319
5Y-1M,0.232744,0.717051,0.888531,0.983346,0.991923,1.000000,0.992470,0.975561,0.887566,0.784257,0.675263,0.852191,0.952092,0.957123,0.959833,0.946914,0.912172,0.780861,0.661027,0.839407,0.850299,0.834312,0.825903,0.782026,0.694280,0.406327,0.244338,0.601850,0.568095,0.473556,0.346611,0.206859,-0.138859,-0.240636,0.006158,-0.289336,-0.364544,-0.406838,-0.580057,-0.596489,-0.404192,-0.452135,-0.474998,-0.629790,-0.636225,-0.425211,-0.475862,-0.649397,-0.647149,-0.399885,-0.650153,-0.642322,-0.711810,-0.685264,-0.584107
7Y-1M,0.229162,0.706388,0.872041,0.959940,0.975012,0.992470,1.000000,0.990450,0.918543,0.823922,0.665288,0.836130,0.928904,0.940701,0.953134,0.955715,0.928306,0.812205,0.699810,0.820378,0.825215,0.818930,0.823942,0.801562,0.722901,0.450270,0.292224,0.578591,0.560831,0.488802,0.392889,0.260399,-0.079010,-0.182211,0.067329,-0.202881,-0.260973,-0.312729,-0.501838,-0.524708,-0.333057,-0.352632,-0.385718,-0.557284,-0.569622,-0.311150,-0.383280,-0.582343,-0.586282,-0.352089,-0.606319,-0.599582,-0.673875,-0.646333,-0.546613
10Y-1M,0.182713,0.656498,0.829189,0.927145,0.947818,0.975561,0.990450,1.000000,0.957901,0.885067,0.634836,0.806786,0.907563,0.925294,0.949169,0.959970,0.952352,0.866676,0.773858,0.799870,0.816510,0.818475,0.840526,0.830352,0.777174,0.536410,0.391367,0.583866,0.578640,0.534214,0.454003,0.348853,0.026860,-0.072113,0.121014,-0.112833,-0.177078,-0.205924,-0.397241,-0.418633,-0.251066,-0.273936,-0.279216,-0.454695,-0.465294,-0.250521,-0.270979,-0.481620,-0.483912,-0.219684,-0.503711,-0.496393,-0.594983,-0.557693,-0.448371
20Y-1M,0.097032,0.517046,0.703161,0.815150,0.846117,0.887566,0.918543,0.957901,1.000000,0.978225,0.525595,0.703490,0.815053,0.843873,0.883519,0.912170,0.936453,0.937524,0.891870,0.730060,0.763387,0.781824,0.829613,0.847604,0.837734,0.700339,0.590444,0.562937,0.583450,0.584382,0.544726,0.486940,0.249324,0.165431,0.223484,0.046749,-0.010281,-0.006706,-0.154163,-0.170561,-0.111536,-0.115511,-0.081329,-0.211818,-0.217592,-0.099120,-0.054000,-0.226060,-0.227701,0.003332,-0.242563,-0.238050,-0.339183,-0.301644,-0.212619
30Y-1M,0.025626,0.382035,0.573195,0.696744,0.734359,0.784257,0.823922,0.885067,0.978225,1.000000,0.413523,0.591309,0.712085,0.748252,0.798022,0.836772,0.885113,0.941332,0.937358,0.646590,0.697824,0.728032,0.793578,0.829346,0.853872,0.788291,0.714510,0.534526,0.573345,0.608736,0.596707,0.578179,0.400054,0.336461,0.293053,0.165214,0.109414,0.141165,0.020887,0.015980,-0.002837,0.000000,0.067689,-0.036069,-0.030126,0.003262,0.107042,-0.043555,-0.034534,0.178419,-0.054160,-0.040469,-0.161491,-0.107240,-0.005189
6M-3M,-0.042296,0.872945,0.845875,0.689200,0.664182,0.675263,0.665288,0.634836,0.525595,0.413523,1.000000,0.899342,0.722580,0.694449,0.705683,0.694708,0.653692,0.525371,0.406052,0.550790,0.315728,0.267365,0.243249,0.192853,0.112820,-0.133255,-0.245797,-0.006042,-0.072605,-0.152231,-0.237866,-0.314175,-0.517670,-0.560566,-0.279719,-0.328010,-0.347820,-0.393492,-0.525815,-0.552457,-0.232358,-0.299971,-0.365420,-0.513749,-0.543343,-0.323273,-0.417098,-0.560248,-0.579602,-0.397837,-0.575368,-0.589012,-0.608720,-0.618591,-0.585508
1Y-3M,-0.024230,0.791819,0.947819,0.868889,0.855349,0.852191,0.836130,0.806786,0.703490,0.591309,0.899342,1.000000,0.903142,0.886151,0.882172,0.864358,0.821591,0.691871,0.567993,0.860293,0.631616,0.590788,0.557618,0.500263,0.408306,0.135691,-0.005932,0.219793,0.161982,0.037636,-0.082368,-0.186061,-0.441794,-0.500793,-0.187878,-0.409266,-0.446464,-0.481829,-0.612392,-0.627421,-0.416859,-0.463813,-0.498335,-0.625961,-0.637951,-0.433632,-0.503909,-0.640711,-0.646144,-0.439389,-0.636771,-0.639157,-0.674119,-0.668838,-0.605609
2Y-3M,-0.014080,0.638820,0.858504,0.965398,0.962629,0.952092,0.928904,0.907563,0.815053,0.712085,0.722580,0.903142,1.000000,0.993729,0.981840,0.956383,0.920129,0.796700,0.678745,0.881497,0.884067,0.851980,0.821830,0.759227,0.669456,0.389516,0.231122,0.617347,0.558152,0.426796,0.273902,0.138946,-0.185488,-0.277954,-0.096391,-0.429070,-0.496347,-0.510612,-0.639090,-0.642719,-0.516264,-0.567393,-0.561899,-0.673217,-0.668960,-0.523217,-0.538172,-0.667796,-0.658661,-0.411715,-0.640026,-0.632169,-0.692006,-0.668721,-0.574515
3Y-3M,-0.028820,0.606485,0.837568,0.955477,0.964852,0.957123,0.940701,0.925294,0.843873,0.748252,0.694449,0.886151,0.993729,1.000000,0.991259,0.972932,0.942593,0.829850,0.718106,0.881864,0.894477,0.879019,0.855058,0.803036,0.719921,0.449092,0.291903,0.634230,0.600816,0.477948,0.337202,0.204883,-0.122187,-0.217901,0.015511,-0.352215,-0.426230,-0.445420,-0.586537,-0.593186,-0.498344,-0.532467,-0.522929,-0.638684,-0.634212,-0.475077,-0.489238,-0.630859,-0.622325,-0.374821,-0.611001,-0.601893,-0.669419,-0.642098,-0.543102
5Y-3M,-0.049471,0.606441,0.827180,0.938570,0.950923,0.959833,0.953134,0.949169,0.883519,0.798022,0.705683,0.882172,0.981840,0.991259,1.000000,0.991919,0.973091,0.875582,0.772399,0.861169,0.870564,0.859869,0.858903,0.820457,0.751589,0.493988,0.341892,0.614509,0.589068,0.503795,0.381975,0.263822,-0.060185,-0.156431,0.044011,-0.249920,-0.330113,-0.348374,-0.508687,-0.520488,-0.379610,-0.427117,-0.419485,-0.560034,-0.561377,-0.404232,-0.405541,-0.571146,-0.565534,-0.300711,-0.561762,-0.553526,-0.636663,-0.604343,-0.499797
7Y-3M,-0.067448,0.587856,0.804425,0.909212,0.928375,0.946914,0.955715,0.959970,0.912170,0.836772,0.694708,0.864358,0.956383,0.972932,0.991919,1.000000,0.989566,0.909699,0.815332,0.839961,0.843043,0.842598,0.855773,0.839766,0.781403,0.541907,0.394856,0.589306,0.580770,0.519323,0.429972,0.320757,0.005390,-0.091717,0.108508,-0.158464,-0.221107,-0.247774,-0.423189,-0.441313,-0.304194,-0.322446,-0.323753,-0.480307,-0.487435,-0.284920,-0.305712,-0.496534,-0.497110,-0.245652,-0.510462,-0.503354,-0.591844,-0.558312,-0.455408
10Y-3M,-0.125861,0.522685,0.744931,0.858845,0.883516,0.912172,0.928306,0.952352,0.936453,0.885113,0.653692,0.821591,0.920129,0.942593,0.973091,0.989566,1.000000,0.953708,0.881432,0.806146,0.821010,0.829147,0.859645,0.856492,0.825678,0.623732,0.492715,0.585293,0.589940,0.557818,0.486077,0.407257,0.115730,0.024763,0.162632,-0.063073,-0.131078,-0.133114,-0.307256,-0.323386,-0.215174,-0.236391,-0.208263,-0.365523,-0.370555,-0.217889,-0.184004,-0.382986,-0.381748,-0.103424,-0.394351,-0.386759,-0.498901,-0.455835,-0.344817
20Y-3M,-0.255308,0.344814,0.579697,0.705473,0.739849,0.780861,0.812205,0.866676,0.937524,0.941332,0.525371,0.691871,0.796700,0.829850,0.875582,0.909699,0.953708,1.000000,0.979742,0.708141,0.738347,0.763193,0.818910,0.844403,0.860557,0.773276,0.683801,0.542526,0.573631,0.588854,0.560690,0.535295,0.342072,0.270604,0.262767,0.102634,0.043650,0.077627,-0.044319,-0.054101,-0.065351,-0.067117,0.003787,-0.100659,-0.099888,-0.056969,0.048306,-0.103558,-0.101151,0.136479,-0.107279,-0.102661,-0.215173,-0.172576,-0.085295
30Y-3M,-0.324231,0.204539,0.439346,0.573191,0.613066,0.661027,0.699810,0.773858,0.891870,0.937358,0.406052,0.567993,0.678745,0.718106,0.772399,0.815332,0.881432,0.979742,1.000000,0.610793,0.657113,0.692611,0.763901,0.805739,0.854609,0.838597,0.786008,0.501494,0.549371,0.597134,0.596079,0.609190,0.478123,0.427944,0.322835,0.213381,0.157007,0.217462,0.124878,0.126364,0.040181,0.044954,0.146589,0.070652,0.082636,0.042285,0.201743,0.074469,0.086995,0.301663,0.076706,0.089896,-0.038849,0.018599,0.115964
1Y-6M,0.003063,0.493679,0.823026,0.855032,0.858355,0.839407,0.820378,0.799870,0.730060,0.646590,0.550790,0.860293,0.881497,0.881864,0.861169,0.839961,0.806146,0.708141,0.610793,1.000000,0.837554,0.816005,0.780805,0.730083,0.647861,0.414383,0.275261,0.426600,0.393855,0.249334,0.120107,0.011142,-0.239757,-0.302362,-0.032499,-0.398796,-0.446706,-0.460961,-0.555908,-0.553534,-0.524815,-0.535610,-0.525200,-0.595879,-0.584261,-0.450831,-0.475585,-0.569819,-0.557624,-0.374883,-0.544669,-0.533316,-0.577075,-0.555485,-0.473363
2Y-6M,0.009269,0.286659,0.606495,0.859140,0.872253,0.850299,0.825215,0.816510,0.763387,0.697824,0.315728,0.631616,0.884067,0.894477,0.870564,0.843043,0.821010,0.738347,0.657113,0.837554,1.000000,0.988655,0.963575,0.911719,0.842609,0.624734,0.483411,0.851445,0.815196,0.688732,0.536768,0.403121,0.095385,-0.002531,0.056805,-0.367175,-0.446127,-0.434828,-0.521715,-0.508684,-0.551525,-0.575992,-0.524202,-0.576715,-0.550864,-0.499603,-0.456697,-0.537837,-0.512214,-0.296146,-0.489498,-0.469489,-0.538297,-0.499662,-0.392723
3Y-6M,-0.010568,0.233757,0.561155,0.822873,0.852005,0.834312,0.818930,0.818475,0.781824,0.728032,0.267365,0.590788,0.851980,0.879019,0.859869,0.842598,0.829147,0.763193,0.692611,0.816005,0.988655,1.000000,0.983891,0.947619,0.889345,0.689713,0.553781,0.853350,0.852710,0.740929,0.609189,0.482555,0.179392,0.079638,0.206120,-0.254330,-0.340324,-0.335759,-0.437059,-0.428310,-0.513406,-0.514300,-0.458158,-0.514890,-0.489290,-0.422004,-0.378797,-0.473598,-0.449345,-0.238335,-0.436986,-0.415747,-0.493119,-0.449990,-0.339338
5Y-6M,-0.037153,0.199227,0.520981,0.786721,0.821715,0.825903,0.823942,0.840526,0.829613,0.793578,0.243249,0.557618,0.821830,0.855058,0.858903,0.855773,0.859645,0.818910,0.763901,0.780805,0.963575,0.983891,1.000000,0.983796,0.947366,0.772582,0.645713,0.845620,0.858906,0.799723,0.694852,0.588260,0.291790,0.191037,0.262437,-0.105044,-0.200509,-0.192494,-0.316314,-0.313213,-0.351727,-0.367892,-0.310135,-0.395331,-0.375777,-0.319719,-0.253692,-0.376932,-0.355260,-0.124103,-0.353156,-0.332020,-0.431588,-0.380206,-0.260998
7Y-6M,-0.060083,0.142997,0.458864,0.720075,0.765100,0.782026,0.801562,0.830352,0.847604,0.829346,0.192853,0.500263,0.759227,0.803036,0.820457,0.839766,0.856492,0.844403,0.805739,0.730083,0.911719,0.947619,0.983796,1.000000,0.980796,0.839832,0.724183,0.808466,0.847066,0.823348,0.766100,0.674714,0.398109,0.298020,0.359164,0.031424,-0.039077,-0.040980,-0.180391,-0.185005,-0.239576,-0.213438,-0.165818,-0.267418,-0.254802,-0.144658,-0.102197,-0.254454,-0.240632,-0.034805,-0.262041,-0.242046,-0.347884,-0.294690,-0.179284
10Y-6M,-0.133723,0.035524,0.347511,0.613874,0.664916,0.694280,0.722901,0.777174,0.837734,0.853872,0.112820,0.408306,0.669456,0.719921,0.751589,0.781403,0.825678,0.860557,0.854609,0.647861,0.842609,0.889345,0.947366,0.980796,1.000000,0.918289,0.830162,0.772985,0.828707,0.845890,0.815533,0.768930,0.537859,0.450398,0.422056,0.161707,0.087185,0.118559,-0.011444,-0.012761,-0.109306,-0.086759,-0.001038,-0.096943,-0.081488,-0.045095,0.069340,-0.085207,-0.069154,0.160782,-0.088859,-0.068720,-0.201268,-0.137364,-0.016262
20Y-6M,-0.265859,-0.248884,0.044876,0.308131,0.366816,0.406327,0.450270,0.536410,0.700339,0.788291,-0.133255,0.135691,0.389516,0.449092,0.493988,0.541907,0.623732,0.773276,0.838597,0.414383,0.624734,0.689713,0.772582,0.839832,0.918289,1.000000,0.979647,0.636427,0.722260,0.799329,0.830339,0.857625,0.784207,0.732928,0.514513,0.363979,0.310038,0.383648,0.340215,0.348674,0.097032,0.145361,0.276721,0.265598,0.288551,0.174546,0.367087,0.296873,0.314100,0.455436,0.303807,0.319353,0.202987,0.259960,0.336969
30Y-6M,-0.315298,-0.373590,-0.106217,0.141742,0.200962,0.244338,0.292224,0.391367,0.590444,0.714510,-0.245797,-0.005932,0.231122,0.291903,0.341892,0.394856,0.492715,0.683801,0.786008,0.275261,0.483411,0.553781,0.645713,0.724183,0.830162,0.979647,1.000000,0.536022,0.631835,0.736364,0.793177,0.858707,0.857348,0.833142,0.531661,0.448232,0.401837,0.496858,0.488170,0.507769,0.199809,0.250612,0.402692,0.422489,0.455222,0.263545,0.496155,0.457995,0.484375,0.589110,0.470597,0.493817,0.370589,0.438203,0.519098
2Y-1Y,0.012404,0.000657,0.213978,0.601488,0.620004,0.601850,0.578591,0.583866,0.562937,0.534526,-0.006042,0.219793,0.617347,0.634230,0.614509,0.589306,0.585293,0.542526,0.501494,0.426600,0.851445,0.853350,0.845620,0.808466,0.772985,0.636427,0.536022,1.000000,0.971425,0.900800,0.773282,0.656635,0.388043,0.286048,0.125232,-0.225023,-0.309732,-0.277344,-0.330038,-0.310745,-0.409233,-0.439373,-0.363633,-0.382719,-0.351076,-0.394297,-0.299508,-0.343374,-0.312664,-0.130394,-0.287494,-0.265269,-0.337170,-0.293938,-0.195739
3Y-1Y,-0.019573,-0.074436,0.148539,0.535784,0.579105,0.568095,0.560831,0.578640,0.583450,0.573345,-0.072605,0.161982,0.558152,0.600816,0.589068,0.580770,0.589940,0.573631,0.549371,0.393855,0.815196,0.852710,0.858906,0.847066,0.828707,0.722260,0.631835,0.971425,1.000000,0.952858,0.860156,0.757262,0.501929,0.399884,0.357131,-0.044025,-0.137472,-0.117329,-0.192605,-0.180839,-0.342109,-0.333774,-0.253909,-0.280246,-0.250038,-0.263625,-0.172550,-0.238137,-0.210592,-0.040202,-0.202647,-0.179134,-0.262620,-0.213551,-0.111813
5Y-1Y,-0.060531,-0.165588,0.016659,0.397808,0.448857,0.473556,0.488802,0.534214,0.584382,0.608736,-0.152231,0.037636,0.426796,0.477948,0.503795,0.519323,0.557818,0.588854,0.597134,0.249334,0.688732,0.740929,0.799723,0.823348,0.845890,0.799329,0.736364,0.900800,0.952858,1.000000,0.961626,0.901113,0.682674,0.586664,0.438015,0.220397,0.118462,0.144583,0.043897,0.046422,-0.040873,-0.055555,0.023965,-0.040172,-0.021027,-0.062353,0.063778,-0.036694,-0.014821,0.167875,-0.024009,-0.002156,-0.114440,-0.055543,0.050318
7Y-1Y,-0.090168,-0.256581,-0.107461,0.241914,0.304200,0.346611,0.392889,0.454003,0.544726,0.596707,-0.237866,-0.082368,0.273902,0.337202,0.381975,0.429972,0.486077,0.560690,0.596079,0.120107,0.536768,0.609189,0.694852,0.766100,0.815533,0.830339,0.793177,0.773282,0.860156,0.961626,1.000000,0.969722,0.803859,0.717336,0.552348,0.420733,0.363372,0.374015,0.260784,0.251849,0.145558,0.193685,0.253073,0.171948,0.179350,0.213869,0.298835,0.166271,0.174883,0.302026,0.131595,0.149966,0.037364,0.094337,0.184755
10Y-1Y,-0.178105,-0.367706,-0.234588,0.088198,0.152410,0.206859,0.260399,0.348853,0.486940,0.578179,-0.314175,-0.186061,0.138946,0.204883,0.263822,0.320757,0.407257,0.535295,0.609190,0.011142,0.403121,0.482555,0.588260,0.674714,0.768930,0.857625,0.858707,0.656635,0.757262,0.901113,0.969722,1.000000,0.907257,0.844993,0.581297,0.546972,0.489360,0.542508,0.451545,0.447823,0.296988,0.335644,0.439431,0.372859,0.383396,0.319181,0.490172,0.366392,0.377230,0.525687,0.340491,0.357399,0.220133,0.285898,0.375941
20Y-1Y,-0.285688,-0.602077,-0.513262,-0.254260,-0.193926,-0.138859,-0.079010,0.026860,0.249324,0.400054,-0.517670,-0.441794,-0.185488,-0.122187,-0.060185,0.005390,0.115730,0.342072,0.478123,-0.239757,0.095385,0.179392,0.291790,0.398109,0.537859,0.784207,0.857348,0.388043,0.501929,0.682674,0.803859,0.907257,1.000000,0.987984,0.571003,0.660162,0.635286,0.723527,0.741930,0.749335,0.461321,0.520235,0.653263,0.689586,0.706150,0.493566,0.715832,0.705180,0.715242,0.741418,0.695430,0.704273,0.609977,0.656031,0.682189
30Y-1Y,-0.314379,-0.654417,-0.578786,-0.351348,-0.294544,-0.240636,-0.182211,-0.072113,0.165431,0.336461,-0.560566,-0.500793,-0.277954,-0.217901,-0.156431,-0.091717,0.024763,0.270604,0.427944,-0.302362,-0.002531,0.079638,0.191037,0.298020,0.450398,0.732928,0.833142,0.286048,0.399884,0.586664,0.717336,0.844993,0.987984,1.000000,0.545835,0.673840,0.655401,0.757815,0.803823,0.821889,0.500026,0.556608,0.701406,0.761695,0.787466,0.520659,0.765530,0.781907,0.801046,0.799763,0.779933,0.796424,0.699419,0.754037,0.787000
3Y-2Y,-0.130633,-0.313738,-0.221185,-0.127480,-0.019261,0.006158,0.067329,0.121014,0.223484,0.293053,-0.279719,-0.187878,-0.096391,0.015511,0.044011,0.108508,0.162632,0.262767,0.322835,-0.032499,0.056805,0.206120,0.262437,0.359164,0.422056,0.514513,0.531661,0.125232,0.357131,0.438015,0.552348,0.581297,0.571003,0.545835,1.000000,0.701530,0.644280,0.601016,0.493731,0.466987,0.180456,0.333911,0.369684,0.334702,0.336448,0.449744,0.457416,0.355886,0.350170,0.345109,0.284328,0.295146,0.229128,0.264106,0.302927
5Y-2Y,-0.163685,-0.373029,-0.443272,-0.458489,-0.385537,-0.289336,-0.202881,-0.112833,0.046749,0.165214,-0.328010,-0.409266,-0.429070,-0.352215,-0.249920,-0.158464,-0.063073,0.102634,0.213381,-0.398796,-0.367175,-0.254330,-0.105044,0.031424,0.161707,0.363979,0.448232,-0.225023,-0.044025,0.220397,0.420733,0.546972,0.660162,0.673840,0.701530,1.000000,0.961552,0.947411,0.839854,0.802183,0.827535,0.862296,0.870594,0.769551,0.741432,0.745788,0.815885,0.688975,0.669073,0.669586,0.591919,0.591029,0.500591,0.535635,0.552589
7Y-2Y,-0.153438,-0.385727,-0.475549,-0.521013,-0.454818,-0.364544,-0.260973,-0.177078,-0.010281,0.109414,-0.347820,-0.446464,-0.496347,-0.426230,-0.330113,-0.221107,-0.131078,0.043650,0.157007,-0.446706,-0.446127,-0.340324,-0.200509,-0.039077,0.087185,0.310038,0.401837,-0.309732,-0.137472,0.118462,0.363372,0.489360,0.635286,0.655401,0.644280,0.961552,1.000000,0.968371,0.875999,0.834251,0.819571,0.936026,0.913797,0.820187,0.784793,0.900062,0.888200,0.753864,0.721654,0.644502,0.619759,0.614651,0.551443,0.573356,0.564659
10Y-2Y,-0.240700,-0.469146,-0.537169,-0.557594,-0.496420,-0.406838,-0.312729,-0.205924,-0.006706,0.141165,-0.393492,-0.481829,-0.510612,-0.445420,-0.348374,-0.247774,-0.133114,0.077627,0.217462,-0.460961,-0.434828,-0.335759,-0.192494,-0.040980,0.118559,0.383648,0.496858,-0.277344,-0.117329,0.144583,0.374015,0.542508,0.723527,0.757815,0.601016,0.947411,0.968371,1.000000,0.942816,0.916585,0.834137,0.916952,0.964803,0.901256,0.879436,0.845773,0.958018,0.849195,0.828796,0.814898,0.753961,0.750744,0.655968,0.691592,0.696921
20Y-2Y,-0.301632,-0.617140,-0.681360,-0.697991,-0.649665,-0.580057,-0.501838,-0.397241,-0.154163,0.020887,-0.525815,-0.612392,-0.639090,-0.586537,-0.508687,-0.423189,-0.307256,-0.044319,0.124878,-0.555908,-0.521715,-0.437059,-0.316314,-0.180391,-0.011444,0.340215,0.488170,-0.330038,-0.192605,0.043897,0.260784,0.451545,0.741930,0.803823,0.493731,0.839854,0.875999,0.942816,1.000000,0.993549,0.770205,0.852473,0.933624,0.984711,0.978657,0.792366,0.951059,0.972061,0.960026,0.854238,0.921423,0.914311,0.870038,0.885757,0.841112
30Y-2Y,-0.319219,-0.649534,-0.701329,-0.706094,-0.660755,-0.596489,-0.524708,-0.418633,-0.170561,0.015980,-0.552457,-0.627421,-0.642719,-0.593186,-0.520488,-0.441313,-0.323386,-0.054101,0.126364,-0.553534,-0.508684,-0.428310,-0.313213,-0.185005,-0.012761,0.348674,0.507769,-0.310745,-0.180839,0.046422,0.251849,0.447823,0.749335,0.821889,0.466987,0.802183,0.834251,0.916585,0.993549,1.000000,0.739280,0.813324,0.911928,0.983078,0.989830,0.750867,0.937415,0.979737,0.980466,0.870835,0.944559,0.947705,0.894226,0.922702,0.897023
5Y-3Y,-0.123006,-0.267692,-0.437555,-0.532377,-0.516943,-0.404192,-0.333057,-0.251066,-0.111536,-0.002837,-0.232358,-0.416859,-0.516264,-0.498344,-0.379610,-0.304194,-0.215174,-0.065351,0.040181,-0.524815,-0.551525,-0.513406,-0.351727,-0.239576,-0.109306,0.097032,0.199809,-0.409233,-0.342109,-0.040873,0.145558,0.296988,0.461321,0.500026,0.180456,0.827535,0.819571,0.834137,0.770205,0.739280,1.000000,0.927084,0.910355,0.798456,0.758270,0.675028,0.765733,0.670556,0.647590,0.652285,0.592973,0.583221,0.510408,0.531220,0.524037
7Y-3Y,-0.129000,-0.331038,-0.484333,-0.583488,-0.551701,-0.452135,-0.352632,-0.273936,-0.115511,0.000000,-0.299971,-0.463813,-0.567393,-0.532467,-0.427117,-0.322446,-0.236391,-0.067117,0.044954,-0.535610,-0.575992,-0.514300,-0.367892,-0.213438,-0.086759,0.145361,0.250612,-0.439373,-0.333774,-0.055555,0.193685,0.335644,0.520235,0.556608,0.333911,0.862296,0.936026,0.916952,0.852473,0.813324,0.927084,1.000000,0.956141,0.856863,0.812437,0.902371,0.884222,0.765372,0.728304,0.635543,0.633016,0.621743,0.574217,0.585130,0.556546
10Y-3Y,-0.236845,-0.442179,-0.551712,-0.606290,-0.570778,-0.474998,-0.385718,-0.279216,-0.081329,0.067689,-0.365420,-0.498335,-0.561899,-0.522929,-0.419485,-0.323753,-0.208263,0.003787,0.146589,-0.525200,-0.524202,-0.458158,-0.310135,-0.165818,-0.001038,0.276721,0.402692,-0.363633,-0.253909,0.023965,0.253073,0.439431,0.653263,0.701406,0.369684,0.870594,0.913797,0.964803,0.933624,0.911928,0.910355,0.956141,1.000000,0.937633,0.911691,0.835279,0.963245,0.870140,0.848305,0.833812,0.782969,0.775670,0.687210,0.717116,0.710537
20Y-3Y,-0.300685,-0.605895,-0.694023,-0.730815,-0.700126,-0.629790,-0.557284,-0.454695,-0.211818,-0.036069,-0.513749,-0.625961,-0.673217,-0.638684,-0.560034,-0.480307,-0.365523,-0.100659,0.070652,-0.595879,-0.576715,-0.514890,-0.395331,-0.267418,-0.096943,0.265598,0.422489,-0.382719,-0.280246,-0.040172,0.171948,0.372859,0.689586,0.761695,0.334702,0.769551,0.820187,0.901256,0.984711,0.983078,0.798456,0.856863,0.937633,1.000000,0.993090,0.768528,0.938953,0.982048,0.970152,0.856532,0.941511,0.931637,0.896886,0.906913,0.850758
30Y-3Y,-0.318939,-0.641253,-0.711302,-0.731451,-0.700576,-0.636225,-0.569622,-0.465294,-0.217592,-0.030126,-0.543343,-0.637951,-0.668960,-0.634212,-0.561377,-0.487435,-0.370555,-0.099888,0.082636,-0.584261,-0.550864,-0.489290,-0.375777,-0.254802,-0.081488,0.288551,0.455222,-0.351076,-0.250038,-0.021027,0.179350,0.383396,0.706150,0.787466,0.336448,0.741432,0.784793,0.879436,0.978657,0.989830,0.758270,0.812437,0.911691,0.993090,1.000000,0.727289,0.924720,0.986124,0.987820,0.871882,0.960173,0.961783,0.915451,0.940150,0.906557
7Y-5Y,-0.112484,-0.343796,-0.450227,-0.536371,-0.491551,-0.425211,-0.311150,-0.250521,-0.099120,0.003262,-0.323273,-0.433632,-0.523217,-0.475077,-0.404232,-0.284920,-0.217889,-0.056969,0.042285,-0.450831,-0.499603,-0.422004,-0.319719,-0.144658,-0.045095,0.174546,0.263545,-0.394297,-0.263625,-0.062353,0.213869,0.319181,0.493566,0.520659,0.449744,0.745788,0.900062,0.845773,0.792366,0.750867,0.675028,0.902371,0.835279,0.768528,0.727289,1.000000,0.859996,0.735496,0.688942,0.500971,0.564187,0.553209,0.543380,0.540932,0.492932
10Y-5Y,-0.288252,-0.513458,-0.573432,-0.596704,-0.551531,-0.475862,-0.383280,-0.270979,-0.054000,0.107042,-0.417098,-0.503909,-0.538172,-0.489238,-0.405541,-0.305712,-0.184004,0.048306,0.201743,-0.475585,-0.456697,-0.378797,-0.253692,-0.102197,0.069340,0.367087,0.496155,-0.299508,-0.172550,0.063778,0.298835,0.490172,0.715832,0.765530,0.457416,0.815885,0.888200,0.958018,0.951059,0.937415,0.765733,0.884222,0.963245,0.938953,0.924720,0.859996,1.000000,0.917078,0.898051,0.872479,0.831960,0.826946,0.736728,0.769698,0.764137
20Y-5Y,-0.331969,-0.662721,-0.718094,-0.733721,-0.700741,-0.649397,-0.582343,-0.481620,-0.226060,-0.043555,-0.560248,-0.640711,-0.667796,-0.630859,-0.571146,-0.496534,-0.382986,-0.103558,0.074469,-0.569819,-0.537837,-0.473598,-0.376932,-0.254454,-0.085207,0.296873,0.457995,-0.343374,-0.238137,-0.036694,0.166271,0.366392,0.705180,0.781907,0.355886,0.688975,0.753864,0.849195,0.972061,0.979737,0.670556,0.765372,0.870140,0.982048,0.986124,0.735496,0.917078,1.000000,0.992537,0.851062,0.974357,0.965246,0.945239,0.951074,0.884129
30Y-5Y,-0.343418,-0.685606,-0.726936,-0.727855,-0.695452,-0.647149,-0.586282,-0.483912,-0.227701,-0.034534,-0.579602,-0.646144,-0.658661,-0.622325,-0.565534,-0.497110,-0.381748,-0.101151,0.086995,-0.557624,-0.512214,-0.449345,-0.355260,-0.240632,-0.069154,0.314100,0.484375,-0.312664,-0.210592,-0.014821,0.174883,0.377230,0.715242,0.801046,0.350170,0.669073,0.721654,0.828796,0.960026,0.980466,0.647590,0.728304,0.848305,0.970152,0.987820,0.688942,0.898051,0.992537,1.000000,0.863372,0.980723,0.984932,0.948157,0.972058,0.934509
10Y-7Y,-0.381161,-0.541610,-0.541409,-0.498389,-0.464695,-0.399885,-0.352089,-0.219684,0.003332,0.178419,-0.397837,-0.439389,-0.411715,-0.374821,-0.300711,-0.245652,-0.103424,0.136479,0.301663,-0.374883,-0.296146,-0.238335,-0.124103,-0.034805,0.160782,0.455436,0.589110,-0.130394,-0.040202,0.167875,0.302026,0.525687,0.741418,0.799763,0.345109,0.669586,0.644502,0.814898,0.854238,0.870835,0.652285,0.635543,0.833812,0.856532,0.871882,0.500971,0.872479,0.851062,0.863372,1.000000,0.870745,0.872753,0.729156,0.787418,0.823950
20Y-7Y,-0.367187,-0.693428,-0.725560,-0.715994,-0.690689,-0.650153,-0.606319,-0.503711,-0.242563,-0.054160,-0.575368,-0.636771,-0.640026,-0.611001,-0.561762,-0.510462,-0.394351,-0.107279,0.076706,-0.544669,-0.489498,-0.436986,-0.353156,-0.262041,-0.088859,0.303807,0.470597,-0.287494,-0.202647,-0.024009,0.131595,0.340491,0.695430,0.779933,0.284328,0.591919,0.619759,0.753961,0.921423,0.944559,0.592973,0.633016,0.782969,0.941511,0.960173,0.564187,0.831960,0.974357,0.980723,0.870745,1.000000,0.992543,0.971426,0.979349,0.913711
30Y-7Y,-0.367856,-0.705947,-0.728054,-0.708555,-0.682008,-0.642322,-0.599582,-0.496393,-0.238050,-0.040469,-0.589012,-0.639157,-0.632169,-0.601893,-0.553526,-0.503354,-0.386759,-0.102661,0.089896,-0.533316,-0.469489,-0.415747,-0.332020,-0.242046,-0.068720,0.319353,0.493817,-0.265269,-0.179134,-0.002156,0.149966,0.357399,0.704273,0.796424,0.295146,0.591029,0.614651,0.750744,0.914311,0.947705,0.583221,0.621743,0.775670,0.931637,0.961783,0.553209,0.826946,0.965246,0.984932,0.872753,0.992543,1.000000,0.960079,0.988134,0.956431
20Y-10Y,-0.327043,-0.703630,-0.748446,-0.755897,-0.736943,-0.711810,-0.673875,-0.594983,-0.339183,-0.161491,-0.608720,-0.674119,-0.692006,-0.669419,-0.636663,-0.591844,-0.498901,-0.215173,-0.038849,-0.577075,-0.538297,-0.493119,-0.431588,-0.347884,-0.201268,0.202987,0.370589,-0.337170,-0.262620,-0.114440,0.037364,0.220133,0.609977,0.699419,0.229128,0.500591,0.551443,0.655968,0.870038,0.894226,0.510408,0.574217,0.687210,0.896886,0.915451,0.543380,0.736728,0.945239,0.948157,0.729156,0.971426,0.960079,1.000000,0.982906,0.873924
30Y-10Y,-0.344577,-0.721013,-0.748992,-0.737905,-0.714985,-0.685264,-0.646333,-0.557693,-0.301644,-0.107240,-0.618591,-0.668838,-0.668721,-0.642098,-0.604343,-0.558312,-0.455835,-0.172576,0.018599,-0.555485,-0.499662,-0.449990,-0.380206,-0.294690,-0.137364,0.259960,0.438203,-0.293938,-0.213551,-0.055543,0.094337,0.285898,0.656031,0.754037,0.264106,0.535635,0.573356,0.691592,0.885757,0.922702,0.531220,0.585130,0.717116,0.906913,0.940150,0.540932,0.769698,0.951074,0.972058,0.787418,0.979349,0.988134,0.982906,1.000000,0.948473
30Y-20Y,-0.346862,-0.692566,-0.689302,-0.647209,-0.619319,-0.584107,-0.546613,-0.448371,-0.212619,-0.005189,-0.585508,-0.605609,-0.574515,-0.543102,-0.499797,-0.455408,-0.344817,-0.085295,0.115964,-0.473363,-0.392723,-0.339338,-0.260998,-0.179284,-0.016262,0.336969,0.519098,-0.195739,-0.111813,0.050318,0.184755,0.375941,0.682189,0.787000,0.302927,0.552589,0.564659,0.696921,0.841112,0.897023,0.524037,0.556546,0.710537,0.850758,0.906557,0.492932,0.764137,0.884129,0.934509,0.823950,0.913711,0.956431,0.873924,0.948473,1.000000
